000025
00012
00014
00019
00027
00038
000421
000507
000509
000591
000598
000633
000672
000720
000729
000758
000759
000802
000807
000819
00087
000902
000915
000923
000958
00148
00152
002093
002106
002144
002154
002162
002183
002191
00220
002215
002221
002271
002274
002328
002346
002396
002408
002479
002493
002508
002538
002587
002649
002651
002657
002690
002698
002717
002721
002748
002797
002823
002861
002918
002931
002956
002958
00323
00338
00390
00460
00467
00564
00580
00586
00596
00670
00817
00826
00839
00881
00895
00921
00956
01030
01044
01055
01057
01070
01108
01141
01171
01196
01300
01385
01456
01610
01658
01681
01776
01883
01910
01918
01999
02208
02218
02225
02233
02238
02313
02319
02328
02338
02343
02359
02386
02388
02638
02666
02669
02727
02866
02883
02888
03329
03330
03738
03800
03808
03898
03899
03969
03993
03998
06066
06088
06198
06881
300018
300026
300044
300092
300094
300120
300143
300147
300161
300166
300181
300187
300191
300223
300267
300290
300474
300480
300509
300516
300517
300521
300541
300551
300596
300608
300629
300651
300698
600010
600023
600028
600052
600057
600094
600105
600151
600153
600160
600230
600266
600271
600284
600313
600320
600336
600343
600353
600354
600378
600398
600446
600509
600516
600517
600529
600592
600665
600694
600715
600718
600757
600760
600773
600863
600867
600926
600973
600975
600984
601388
601615
601628
601952
603036
603050
603079
603098
603198
603283
603309
603317
603331
603339
603355
603456
603556
603602
603629
603679
603681
603683
603716
603717
603881
603977
