000009
000012
00002
000026
000049
000058
000059
000068
00010
000151
000403
000518
000521
000547
000558
000565
000626
000636
00066
000661
000677
000678
00069
000690
000719
000768
000811
000875
000880
000881
000886
000889
000895
000908
000913
000927
000966
000999
00101
00123
00136
00178
002015
002026
002040
002041
002044
002046
002054
002064
002097
002100
002124
002126
002131
00215
002169
002182
002214
002216
002225
002235
002237
002240
002256
002264
002276
002283
002297
002307
002311
002312
002314
002343
002398
002410
002419
002427
002448
002449
002458
002475
002491
002492
002494
002500
002523
002534
002557
002560
002581
002583
00259
002596
002606
002611
002626
002627
002636
002652
002669
002673
002679
002708
002709
00272
002724
002729
002733
002737
002745
002777
002798
002806
002809
002831
002832
002833
002845
002847
002848
002876
002888
002889
002938
002947
00315
00316
00321
00322
00357
00384
00392
00419
00435
00451
00527
00548
00551
00558
00579
00604
00636
00639
00656
00667
00751
00775
00799
00804
00808
00880
00916
00995
00998
01020
01109
01117
01168
01200
01223
01308
01313
01361
01368
01375
01428
01432
01508
01515
01528
01571
01606
01618
01666
01709
01760
01798
01800
01816
01818
01837
01882
01906
01908
01911
01958
01985
01995
02007
02016
02038
02198
02488
02588
02778
02858
02880
02899
03316
03319
03337
03339
03669
03700
03709
03868
03958
06051
06099
06178
06811
06818
06826
300010
300013
300039
300046
300050
300053
300063
300085
300106
300128
300138
300141
300183
300206
300213
300215
300226
300243
300269
300314
300341
300345
300358
300359
300368
300370
300376
300381
300393
300402
300464
300483
300484
300527
300546
300587
300589
300598
300601
300626
300648
300668
300670
300717
300748
600004
600018
600021
600029
600058
600061
600101
600125
600163
600166
600177
600188
600189
600196
600237
600258
600272
600298
600325
600326
600335
600339
600350
600366
600400
600405
600419
600429
600487
600491
600503
600513
600525
600539
600552
600578
600602
600605
600610
600641
600642
600643
600655
600675
600682
600688
600690
600707
600712
600739
600750
600751
600769
600793
600812
600816
600833
600841
600888
600960
600962
600979
600990
600998
601003
601006
601019
601058
601098
601126
601128
601162
601168
601238
601616
601799
601801
601890
601918
603020
603026
603032
603055
603099
603100
603101
603103
603113
603121
603127
603185
603199
603217
603218
603286
603305
603360
603496
603527
603533
603567
603588
603657
603661
603665
603667
603696
603698
603711
603721
603766
603798
603817
603823
603858
603861
603866
603900
603936
603998
