00002
00010
00066
00069
00101
00123
00136
00178
00215
00259
00272
00315
00316
00321
00322
00357
00384
00392
00419
00435
00451
00527
00548
00551
00558
00579
00604
00636
00639
00656
00667
00751
00775
00799
00804
00808
00880
00916
00995
00998
01020
01109
01117
01168
01200
01223
01308
01313
01361
01368
01375
01428
01432
01508
01515
01528
01571
01606
01618
01666
01709
01760
01798
01800
01816
01818
01837
01882
01906
01908
01911
01958
01985
01995
02007
02016
02038
02198
02488
02588
02778
02858
02880
02899
03316
03319
03337
03339
03669
03700
03709
03868
03958
06051
06099
06178
06811
06818
06826
