000019
00006
00008
00016
000429
000520
000524
000538
000554
000559
000560
000708
000713
000753
000798
000799
00081
000813
000830
000863
000892
000906
000920
000926
000955
000973
00107
00116
00119
00133
00135
00151
00165
00177
00179
00189
00200
002008
002032
002043
002051
002060
002068
002091
002099
002101
002123
002128
002136
002149
002174
002190
002195
002197
002223
002248
002273
002277
002286
002291
002296
002310
002315
002332
002373
002375
002403
002453
002457
002469
002481
002487
002514
002515
002544
002600
002601
002643
002668
002682
00270
002820
002830
002853
002863
002906
002940
00308
00327
00336
00347
00354
00358
00363
00400
00434
00517
00525
00546
00588
00590
00631
00683
00688
00697
00710
00806
00823
00868
00902
00914
00960
01038
01050
01066
01157
01164
01193
01199
01208
01302
01310
01316
01339
01349
01513
01579
01585
01729
01766
01858
01873
01896
01907
01913
01951
01963
02005
02009
02196
02255
02314
02357
02600
02601
02607
02611
02616
02689
02877
03320
03328
03336
03613
03618
03908
03933
06069
06098
06196
06808
06886
08279
300022
300061
300062
300083
300109
300144
300145
300155
300169
300184
300228
300238
300252
300255
300278
300285
300286
300307
300310
300321
300337
300339
300351
300354
300364
300380
300407
300458
300475
300482
300485
300497
300505
300538
300576
300591
300645
300647
300705
300752
300756
300762
300768
300777
600008
600022
600025
600035
600095
600108
600130
600143
600158
600159
600162
600210
600252
600329
600330
600340
600368
600375
600409
600416
600418
600501
600527
600528
600586
600589
600593
600603
600604
600623
600651
600673
600674
600685
600719
600728
600737
600746
600777
600808
600838
600843
600857
600866
600881
600958
600989
600993
601139
601226
601598
601606
601699
601766
601865
601882
603042
603045
603086
603116
603126
603128
603156
603267
603315
603323
603367
603500
603520
603589
603619
603638
603708
603726
603758
603778
603800
603806
603826
603829
603871
603878
603903
603916
603926
