date,open,close,high,low,volume,code
2020-01-02,11.04,11.0,11.1,11.0,3662544.0,06823
2020-01-03,11.32,11.1,11.32,11.06,5564635.0,06823
2020-01-06,11.1,11.14,11.2,11.04,5106202.0,06823
2020-01-07,11.18,11.42,11.48,11.16,10030607.0,06823
2020-01-08,11.28,11.38,11.42,11.2,4319398.0,06823
2020-01-09,11.44,11.44,11.5,11.36,4342651.0,06823
2020-01-10,11.52,11.54,11.62,11.46,6878765.0,06823
2020-01-13,11.54,11.52,11.58,11.42,4050499.0,06823
2020-01-14,11.6,11.76,11.78,11.5,10939385.0,06823
2020-01-15,11.64,11.58,11.7,11.54,8714788.0,06823
2020-01-16,11.58,11.88,11.88,11.56,11711756.0,06823
2020-01-17,11.78,11.76,11.82,11.66,6854810.0,06823
2020-01-20,11.76,11.78,11.8,11.66,6083010.0,06823
2020-01-21,11.74,11.6,11.74,11.42,8205739.0,06823
2020-01-22,11.54,11.52,11.56,11.32,7992945.0,06823
2020-01-23,11.56,11.6,11.7,11.48,8288581.0,06823
2020-01-24,11.6,11.74,11.8,11.6,4487783.0,06823
2020-01-29,11.62,11.72,11.82,11.6,5852767.0,06823
2020-01-30,11.86,11.62,11.86,11.56,6895208.0,06823
2020-01-31,11.8,11.64,11.8,11.58,6054097.0,06823
2020-02-03,11.74,11.76,11.8,11.64,9763527.0,06823
2020-02-04,11.76,11.9,11.96,11.72,8575326.0,06823
2020-02-05,12.06,11.94,12.06,11.84,8965724.0,06823
2020-02-06,11.88,11.98,12.04,11.76,10470641.0,06823
2020-02-07,11.9,11.8,11.94,11.78,5848033.0,06823
2020-02-10,11.82,11.94,11.96,11.76,2194015.0,06823
2020-02-11,11.88,11.86,11.92,11.8,4689888.0,06823
2020-02-12,11.8,11.8,11.86,11.58,6265178.0,06823
2020-02-13,11.96,11.86,12.1,11.8,9547255.0,06823
2020-02-14,11.8,11.94,12.0,11.8,6826664.0,06823
2020-02-17,11.96,12.06,12.16,11.92,6754525.0,06823
2020-02-18,12.04,12.06,12.12,11.92,6243739.0,06823
2020-02-19,12.12,12.04,12.12,11.96,3710380.0,06823
2020-02-20,12.1,12.0,12.1,11.92,3349163.0,06823
2020-02-21,11.94,11.92,12.0,11.88,4488629.0,06823
2020-02-24,12.0,12.08,12.1,11.92,6740960.0,06823
2020-02-25,11.92,11.96,12.0,11.88,8870813.0,06823
2020-02-26,11.88,11.8,11.88,11.8,8711254.0,06823
2020-02-27,11.84,11.82,11.9,11.74,5039566.0,06823
2020-02-28,11.82,11.66,11.82,11.62,13219284.0,06823
2020-03-02,11.66,11.56,11.68,11.54,11379231.0,06823
2020-03-03,11.72,11.72,11.82,11.62,9031284.0,06823
2020-03-04,11.72,11.8,11.82,11.62,6400265.0,06823
2020-03-05,11.74,12.12,12.18,11.74,15167298.0,06823
2020-03-06,12.2,12.24,12.26,12.0,12855542.0,06823
2020-03-09,12.0,12.1,12.2,11.84,14522054.0,06823
2020-03-10,12.02,12.04,12.1,11.9,9437828.0,06823
2020-03-11,12.04,12.26,12.34,12.04,11521012.0,06823
2020-03-12,12.3,11.88,12.3,11.82,16646711.0,06823
2020-03-13,11.3,11.32,11.5,11.1,32608104.0,06823
2020-03-16,11.12,11.02,11.22,10.96,17426673.0,06823
2020-03-17,10.88,11.26,11.3,10.88,24308665.0,06823
2020-03-18,11.1,11.02,11.4,11.02,22725660.0,06823
2020-03-19,10.98,10.2,11.02,10.2,31173350.0,06823
2020-03-20,10.22,10.24,10.4,10.08,32652046.0,06823
2020-03-23,9.9,9.47,10.1,9.39,27795821.0,06823
2020-03-24,9.66,9.96,10.0,9.48,26074384.0,06823
2020-03-25,10.14,10.1,10.28,9.97,20527037.0,06823
2020-03-26,10.28,10.48,10.5,10.1,27705633.0,06823
2020-03-27,10.64,10.72,10.88,10.64,18210166.0,06823
2020-03-30,10.54,10.44,10.68,10.36,10297257.0,06823
2020-03-31,10.44,10.56,10.7,10.4,16932493.0,06823
2020-04-01,10.52,10.68,10.7,10.4,11446663.0,06823
2020-04-02,10.98,11.38,11.38,10.84,24529921.0,06823
2020-04-03,11.36,11.54,11.56,11.28,13112091.0,06823
2020-04-06,11.76,11.92,11.92,11.54,18440346.0,06823
2020-04-07,11.84,11.92,11.92,11.7,9115753.0,06823
2020-04-08,11.78,11.64,11.88,11.62,11317264.0,06823
2020-04-09,11.78,11.88,11.98,11.74,6141317.0,06823
2020-04-14,11.82,11.96,11.98,11.8,12102419.0,06823
2020-04-15,12.0,11.94,12.06,11.76,16136840.0,06823
2020-04-16,11.8,11.86,11.96,11.74,10227740.0,06823
2020-04-17,12.0,12.02,12.08,11.88,13522691.0,06823
2020-04-20,12.04,12.02,12.04,11.84,5461414.0,06823
2020-04-21,11.9,11.84,11.98,11.8,7893239.0,06823
2020-04-22,11.76,12.02,12.02,11.72,11775319.0,06823
2020-04-23,11.98,12.02,12.08,11.9,11337653.0,06823
2020-04-24,12.0,12.1,12.14,11.92,10319001.0,06823
2020-04-27,12.08,12.4,12.4,12.08,16858803.0,06823
2020-04-28,12.4,12.42,12.44,12.32,18788729.0,06823
2020-04-29,12.44,12.46,12.46,12.38,11245997.0,06823
2020-05-04,12.38,12.5,12.5,12.1,14232280.0,06823
2020-05-05,12.5,12.44,12.5,12.36,6139078.0,06823
2020-05-06,12.6,12.6,12.66,12.5,12954939.0,06823
2020-05-07,12.5,12.56,12.64,12.5,10718244.0,06823
2020-05-08,12.64,12.66,12.74,12.56,12850766.0,06823
2020-05-11,12.7,12.86,12.88,12.68,12687739.0,06823
2020-05-12,12.6367,12.5128,12.678,12.4715,15980900.0,06823
2020-05-13,12.3889,12.4302,12.5128,12.3476,12415714.0,06823
2020-05-14,12.4302,12.265,12.4509,12.2237,12298246.0,06823
2020-05-15,12.4302,12.2031,12.4302,12.0998,12566864.0,06823
2020-05-18,12.2237,12.3476,12.3889,12.1824,6571040.0,06823
2020-05-19,12.3889,12.3683,12.4302,12.327,10447468.0,06823
2020-05-20,12.327,12.327,12.3889,12.3063,8171138.0,06823
2020-05-21,12.3889,12.1411,12.3889,12.1411,6894640.0,06823
2020-05-22,11.9553,11.7282,12.0379,11.6249,21810494.0,06823
2020-05-25,11.5423,11.8934,12.0172,11.3565,12473397.0,06823
2020-05-26,11.9759,12.0379,12.0998,11.8521,6690198.0,06823
2020-05-27,12.0379,11.9966,12.0585,11.8108,9688029.0,06823
2020-05-28,12.0172,11.6662,12.1824,11.501,10488020.0,06823
2020-05-29,11.6043,11.3772,11.7075,11.3772,46658000.0,06823
2020-06-01,11.5217,11.6869,11.9347,11.5217,32610624.0,06823
2020-06-02,11.6456,11.7282,11.8108,11.6456,25673332.0,06823
2020-06-03,11.7282,12.265,12.4922,11.6662,20914060.0,06823
2020-06-04,12.265,11.9759,12.3476,11.8314,13797291.0,06823
2020-06-05,12.0998,11.9553,12.1411,11.8521,8519500.0,06823
2020-06-08,11.9966,11.9966,12.0998,11.914,9560240.0,06823
2020-06-09,12.0792,12.1618,12.2444,11.9553,9282061.0,06823
2020-06-10,12.1618,12.0585,12.2444,11.9966,5695144.0,06823
2020-06-11,12.1411,11.8727,12.1411,11.8108,9641225.0,06823
2020-06-12,11.6456,11.8521,11.8727,11.5836,7479930.0,06823
2020-06-15,11.8727,11.6456,11.8727,11.5836,6028374.0,06823
2020-06-16,11.7075,11.6869,11.8108,11.6043,9757267.0,06823
2020-06-17,11.6662,11.6456,11.7075,11.6043,4134863.0,06823
2020-06-18,11.6456,11.8108,11.8108,11.5836,5481213.0,06823
2020-06-19,11.8521,11.7075,11.8521,11.6249,6769281.0,06823
2020-06-22,11.7075,11.8521,11.8521,11.6662,5198123.0,06823
2020-06-23,11.8727,11.8521,11.9553,11.7075,7153691.0,06823
2020-06-24,11.8521,11.6456,11.8521,11.6249,7045941.0,06823
2020-06-26,11.7075,11.7282,11.8521,11.6662,7865313.0,06823
2020-06-29,11.7695,11.7075,11.7901,11.5836,5388186.0,06823
2020-06-30,11.7075,11.7075,11.7488,11.6043,7694197.0,06823
2020-07-02,11.7488,11.9966,11.9966,11.7282,12777066.0,06823
2020-07-03,12.0172,11.9347,12.0379,11.7901,6258548.0,06823
2020-07-06,11.9553,11.9347,12.0172,11.8727,6093514.0,06823
2020-07-07,11.9966,11.914,11.9966,11.7901,9908710.0,06823
2020-07-08,11.9347,11.9553,11.9553,11.8521,6827689.0,06823
2020-07-09,11.9759,11.8108,11.9759,11.7282,9972167.0,06823
2020-07-10,11.8314,11.8727,11.914,11.7695,5992531.0,06823
2020-07-13,11.7695,11.8108,11.8727,11.7488,6752896.0,06823
2020-07-14,11.7282,11.7488,11.8521,11.6456,12275081.0,06823
2020-07-15,11.7901,11.8108,11.914,11.7695,9240435.0,06823
2020-07-16,11.8727,11.8314,11.914,11.7282,5947765.0,06823
2020-07-17,11.8314,11.8934,11.914,11.7488,6119999.0,06823
2020-07-20,11.9553,12.0585,12.0792,11.914,6929938.0,06823
2020-07-21,12.0379,12.0792,12.0998,11.9966,3979035.0,06823
2020-07-22,12.0792,11.8727,12.0998,11.8521,5111165.0,06823
2020-07-23,11.8314,11.8934,11.914,11.7695,4984904.0,06823
2020-07-24,11.7695,11.8727,11.8727,11.7282,3891631.0,06823
2020-07-27,11.8727,11.9966,11.9966,11.7901,4536887.0,06823
2020-07-28,11.9759,11.9759,11.9966,11.8727,4866918.0,06823
2020-07-29,11.914,11.8727,11.9553,11.7282,7564534.0,06823
2020-07-30,11.8727,11.8108,11.9759,11.7695,9682269.0,06823
2020-07-31,11.8108,11.7901,11.8727,11.7695,6656336.0,06823
2020-08-03,11.8727,11.8108,11.8934,11.7488,4990253.0,06823
2020-08-04,11.7901,11.8934,11.9553,11.7901,6361877.0,06823
2020-08-05,11.9553,11.9759,12.0172,11.8521,5435019.0,06823
2020-08-06,11.9759,11.9759,12.0792,11.914,13190864.0,06823
2020-08-07,11.9759,11.7075,11.9966,11.6869,17335099.0,06823
2020-08-10,11.6662,11.8521,11.8521,11.6456,8041667.0,06823
2020-08-11,11.8934,11.914,11.9759,11.8727,9371236.0,06823
2020-08-12,11.9759,11.9347,11.9966,11.8934,7333717.0,06823
2020-08-13,11.9759,12.0172,12.0792,11.9759,9230051.0,06823
2020-08-14,11.9759,11.9966,12.0792,11.914,7291651.0,06823
2020-08-17,12.0585,12.0792,12.0998,11.9966,4390057.0,06823
2020-08-18,12.0172,11.9759,12.1411,11.9759,9862624.0,06823
2020-08-19,11.9347,11.9966,12.0585,11.8108,4619143.0,06823
2020-08-20,11.9553,11.914,11.9966,11.8934,7141664.0,06823
2020-08-21,11.9966,12.0379,12.0585,11.9347,3273714.0,06823
2020-08-24,12.0379,12.0172,12.1205,12.0172,6760203.0,06823
2020-08-25,12.1455,12.0607,12.1455,11.9759,5227963.0,06823
2020-08-26,12.0607,11.9759,12.0607,11.8911,6467734.0,06823
2020-08-27,11.9547,11.8487,11.9547,11.8487,4533390.0,06823
2020-08-28,11.8275,11.8275,11.8911,11.7216,7335401.0,06823
2020-08-31,11.8699,11.7428,11.9759,11.7428,6813912.0,06823
2020-09-01,11.7004,11.6792,11.8063,11.6792,6039804.0,06823
2020-09-02,11.7428,11.6368,11.7639,11.6368,5745823.0,06823
2020-09-03,11.658,11.5096,11.658,11.446,9043352.0,06823
2020-09-04,11.446,11.2976,11.4884,11.2552,12121094.0,06823
2020-09-07,11.3188,11.34,11.4036,11.2976,4557695.0,06823
2020-09-08,11.4036,11.3612,11.5308,11.3612,4028329.0,06823
2020-09-09,11.3188,11.3612,11.446,11.2764,5559792.0,06823
2020-09-10,11.34,11.4248,11.5096,11.34,7522111.0,06823
2020-09-11,11.4036,11.3824,11.446,11.2764,7160357.0,06823
2020-09-14,11.4036,11.4884,11.5308,11.3612,5784084.0,06823
2020-09-15,11.4884,11.2764,11.5308,11.2764,9597304.0,06823
2020-09-16,11.234,11.2128,11.2976,11.1493,7363102.0,06823
2020-09-17,11.1705,11.1069,11.1916,10.9585,10275891.0,06823
2020-09-18,11.1705,11.0645,11.2128,11.0645,7880590.0,06823
2020-09-21,11.0645,10.8313,11.2552,10.8101,10109143.0,06823
2020-09-22,10.7677,10.7253,10.7889,10.7041,7482639.0,06823
2020-09-23,10.8525,10.8525,10.8949,10.7253,7896165.0,06823
2020-09-24,10.8737,10.7041,10.8737,10.7041,9779103.0,06823
2020-09-25,10.8525,10.7041,10.8737,10.5982,10210449.0,06823
2020-09-28,10.5982,10.5982,10.6617,10.5134,6876477.0,06823
2020-09-29,10.7041,10.5982,10.7889,10.5664,6850982.0,06823
2020-09-30,10.7041,10.8737,10.9373,10.6829,7400916.0,06823
2020-10-05,10.9161,10.7253,10.9161,10.7041,5809720.0,06823
2020-10-06,10.7041,10.8313,10.9373,10.7041,6857972.0,06823
2020-10-07,10.8101,10.7041,10.8101,10.6405,9221024.0,06823
2020-10-08,10.7041,10.6405,10.7041,10.6193,4886435.0,06823
2020-10-09,10.7041,10.6617,10.8313,10.6617,3451243.0,06823
2020-10-12,10.7041,10.8313,10.8313,10.6617,3420815.0,06823
2020-10-14,10.8101,11.0433,11.0645,10.7465,7339926.0,06823
2020-10-15,10.9161,11.1281,11.1705,10.9161,8315776.0,06823
2020-10-16,11.1916,11.0645,11.1916,11.0433,5729528.0,06823
2020-10-19,11.0645,10.9797,11.1069,10.9373,4713350.0,06823
2020-10-20,10.9797,11.0009,11.0645,10.9797,6065234.0,06823
2020-10-21,10.9585,10.9797,11.0221,10.9585,9519564.0,06823
2020-10-22,10.9797,10.9373,11.0009,10.9161,5812409.0,06823
2020-10-23,10.8525,10.8313,10.9161,10.8101,5127349.0,06823
2020-10-27,10.8737,10.7253,10.8949,10.7041,6692279.0,06823
2020-10-28,10.8101,10.6829,10.8101,10.6617,4778779.0,06823
2020-10-29,10.6829,10.6193,10.7253,10.6193,6365466.0,06823
2020-10-30,10.6829,10.6193,10.7677,10.6193,6545591.0,06823
2020-11-02,10.6193,10.5664,10.6617,10.5346,7400403.0,06823
2020-11-03,10.6193,10.5982,10.7041,10.5346,5366020.0,06823
2020-11-04,10.7041,10.5664,10.8101,10.5558,5552602.0,06823
2020-11-05,10.7041,10.5134,10.7041,10.5134,14585318.0,06823
2020-11-06,10.4922,10.5558,10.6829,10.4922,11368000.0,06823
2020-11-09,10.5982,10.5346,10.6829,10.5346,11321270.0,06823
2020-11-10,10.6617,10.5982,10.6829,10.5558,10257335.0,06823
2020-11-11,10.6405,10.6617,10.7889,10.5982,14742977.0,06823
2020-11-12,10.7041,10.7889,10.8737,10.6829,12553572.0,06823
2020-11-13,10.7465,10.7041,10.7889,10.6193,9326270.0,06823
2020-11-16,10.7677,10.7889,10.7889,10.7041,5886460.0,06823
2020-11-17,10.7677,11.0645,11.0857,10.7253,13452963.0,06823
2020-11-18,11.0857,11.0433,11.0857,10.8949,6788948.0,06823
2020-11-19,11.0221,11.1493,11.2128,10.9161,13126792.0,06823
2020-11-20,11.1493,11.0009,11.1705,10.9161,7289530.0,06823
2020-11-23,11.0221,10.8313,11.0645,10.7041,11309415.0,06823
2020-11-24,10.8313,10.9373,10.9373,10.7677,9929434.0,06823
2020-11-25,11.1493,11.0009,11.1493,10.9161,14714987.0,06823
2020-11-26,10.9373,11.0645,11.1281,10.9373,4984065.0,06823
2020-11-27,11.0645,10.9797,11.1069,10.9585,7132312.0,06823
2020-11-30,10.9373,10.7465,10.9373,10.6193,29147758.0,06823
2020-12-01,10.8101,10.8525,10.8949,10.7465,12611348.0,06823
2020-12-02,10.9161,10.9161,11.0009,10.8525,10523178.0,06823
2020-12-03,10.9797,10.8737,10.9797,10.8525,13657427.0,06823
2020-12-04,10.8313,10.8101,10.9161,10.7889,10090548.0,06823
2020-12-07,10.8313,10.8525,11.0857,10.8313,8086350.0,06823
2020-12-08,10.9585,10.9585,10.9797,10.8525,7504753.0,06823
2020-12-09,11.0221,10.9585,11.0221,10.9161,6202325.0,06823
2020-12-10,10.9797,10.9797,11.0221,10.8737,14008354.0,06823
2020-12-11,10.9797,11.0645,11.0645,10.9585,7343705.0,06823
2020-12-14,10.9797,10.9373,11.0645,10.9161,5769438.0,06823
2020-12-15,11.0221,10.8101,11.0221,10.8101,8591496.0,06823
2020-12-16,10.9585,10.8101,10.9585,10.8101,8279335.0,06823
2020-12-17,10.7889,10.7889,10.8949,10.7677,25591620.0,06823
2020-12-18,10.8525,10.7889,10.9373,10.7889,13377722.0,06823
2020-12-21,10.8525,10.7677,10.8949,10.7677,13914025.0,06823
2020-12-22,10.7465,10.6829,10.8313,10.6829,7270190.0,06823
2020-12-23,10.6829,10.7253,10.7677,10.6617,4878068.0,06823
2020-12-24,10.7041,10.7041,10.7041,10.7041,0.0,06823
2020-12-28,10.7253,10.7677,10.7889,10.6829,2942909.0,06823
2020-12-29,10.7677,10.7041,10.8101,10.6829,3562924.0,06823
2020-12-30,10.7465,10.7465,10.7677,10.6617,3282296.0,06823
2020-12-31,10.7041,10.7041,10.7041,10.7041,0.0,06823
2021-01-04,10.6617,10.6193,10.6829,10.577,9576403.0,06823
2021-01-05,10.5664,10.6193,10.6405,10.4922,17917879.0,06823
2021-01-06,10.6617,10.6617,10.6829,10.5982,4658770.0,06823
2021-01-07,10.5982,10.5346,10.6617,10.5346,11927042.0,06823
2021-01-08,10.5452,10.5134,10.5558,10.471,13422458.0,06823
2021-01-11,10.5134,10.4604,10.5876,10.3862,14023487.0,06823
2021-01-12,10.4922,10.4816,10.5876,10.471,11609887.0,06823
2021-01-13,10.5028,10.5558,10.5982,10.5028,13807641.0,06823
2021-01-14,10.577,10.5452,10.5982,10.524,6640087.0,06823
2021-01-15,10.524,10.577,10.6193,10.524,8786905.0,06823
2021-01-18,10.5982,10.5876,10.6405,10.5452,4858338.0,06823
2021-01-19,10.5982,10.5982,10.6405,10.5452,11244923.0,06823
2021-01-20,10.5982,10.5452,10.6193,10.524,12063023.0,06823
2021-01-21,10.5982,10.6405,10.6405,10.5134,9465647.0,06823
2021-01-22,10.6405,10.7677,10.7677,10.5982,9206346.0,06823
2021-01-25,10.8101,10.8525,10.8525,10.7253,10691622.0,06823
2021-01-26,10.8737,10.9585,10.9585,10.8525,12225622.0,06823
2021-01-27,11.0221,11.0433,11.0433,10.9373,10565941.0,06823
2021-01-28,10.8949,11.0009,11.0009,10.8313,7486650.0,06823
2021-01-29,10.9161,10.8313,10.9161,10.7253,10523224.0,06823
2021-02-01,10.8525,10.9161,10.9585,10.7041,6787933.0,06823
2021-02-02,10.8313,10.8737,11.0009,10.7677,10139544.0,06823
2021-02-03,11.0433,10.9797,11.0433,10.8949,5826722.0,06823
2021-02-04,10.8949,11.0009,11.0009,10.8313,30945101.0,06823
2021-02-05,11.0645,11.0857,11.1281,10.9373,10132155.0,06823
2021-02-08,11.1069,11.1069,11.1705,11.0645,22247398.0,06823
2021-02-09,11.1069,11.0645,11.1281,11.0221,5280353.0,06823
2021-02-10,11.1281,11.1916,11.1916,11.0433,9523606.0,06823
2021-02-11,11.2128,11.2128,11.2128,11.2128,0.0,06823
2021-02-16,11.2976,11.1069,11.2976,11.1069,9015244.0,06823
2021-02-17,11.1069,11.1069,11.1705,11.0433,9195633.0,06823
2021-02-18,11.1069,11.1281,11.2128,11.1069,6015360.0,06823
2021-02-19,11.1916,11.2128,11.2128,11.0645,8345084.0,06823
2021-02-22,11.2128,11.1705,11.34,11.1705,6309597.0,06823
2021-02-23,11.1705,11.2764,11.2764,11.1493,4962996.0,06823
2021-02-24,11.2128,11.1281,11.3188,11.0645,10618291.0,06823
2021-02-25,11.0857,11.34,11.34,11.0645,9624581.0,06823
2021-02-26,11.234,11.1705,11.3188,11.0645,15025736.0,06823
2021-03-01,11.2764,11.3612,11.3612,11.2128,4812436.0,06823
2021-03-02,11.5308,11.5308,11.5732,11.4036,10060433.0,06823
2021-03-03,11.658,11.6156,11.658,11.552,14031577.0,06823
2021-03-04,11.658,11.6368,11.658,11.5308,7506807.0,06823
2021-03-05,11.5308,11.552,11.6156,11.4672,4839646.0,06823
2021-03-08,11.552,11.658,11.7428,11.4884,13320936.0,06823
2021-03-09,11.5944,11.446,11.658,11.4036,16423874.0,06823
2021-03-10,11.5308,11.7216,11.7216,11.4672,11342195.0,06823
2021-03-11,11.7216,11.7428,11.7639,11.6156,9997954.0,06823
2021-03-12,11.6156,11.6368,11.7216,11.5944,5554617.0,06823
2021-03-15,11.6156,11.7004,11.7004,11.6156,5001013.0,06823
2021-03-16,11.7216,11.7851,11.8275,11.6156,5930907.0,06823
2021-03-17,11.7851,12.1455,12.1667,11.7639,12273567.0,06823
2021-03-18,12.2303,12.1243,12.2303,12.0819,15011943.0,06823
2021-03-19,12.1879,12.1243,12.2303,12.0183,13726820.0,06823
2021-03-22,12.0819,11.8699,12.1243,11.8699,5347319.0,06823
2021-03-23,11.8699,11.9335,11.9335,11.764,4788927.0,06823
2021-03-24,11.9123,11.5732,12.1243,11.552,11174104.0,06823
2021-03-25,11.5308,11.7004,11.8275,11.4672,7924260.0,06823
2021-03-26,11.7639,11.6792,11.8487,11.6368,15999338.0,06823
2021-03-29,11.6792,11.8487,11.9123,11.6368,6832965.0,06823
2021-03-30,11.8063,12.0607,12.0819,11.8063,6041066.0,06823
2021-03-31,12.0183,11.7428,12.0819,11.7428,7323359.0,06823
2021-04-01,11.7851,11.7851,11.9335,11.7851,7519848.0,06823
2021-04-07,11.7639,11.7428,11.8699,11.7216,5423108.0,06823
2021-04-08,11.7004,11.7851,11.8487,11.6792,3390006.0,06823
2021-04-09,11.764,11.764,11.8063,11.658,8117909.0,06823
2021-04-12,11.658,11.6368,11.8063,11.6368,6222549.0,06823
2021-04-13,11.6156,11.658,11.7216,11.6156,4417755.0,06823
2021-04-14,11.7428,11.7004,11.764,11.6792,7380223.0,06823
2021-04-15,11.7216,11.6792,11.7639,11.6792,3503497.0,06823
2021-04-16,11.6792,11.7216,11.7851,11.6792,2835690.0,06823
2021-04-19,11.7004,11.764,11.8911,11.7004,8697152.0,06823
2021-04-20,11.8063,11.9335,11.9759,11.7851,6329655.0,06823
2021-04-21,11.9123,11.8911,11.9547,11.8487,4394304.0,06823
2021-04-22,11.9123,11.9335,11.9759,11.8699,4599286.0,06823
2021-04-23,11.9335,11.8699,11.9759,11.8487,6043448.0,06823
2021-04-26,11.9123,11.8911,11.9547,11.8063,3665926.0,06823
2021-04-27,11.8911,11.8487,11.9547,11.8275,4705451.0,06823
2021-04-28,11.8699,11.8911,11.9123,11.8275,4714241.0,06823
2021-04-29,11.9335,11.9123,11.9759,11.8911,5602270.0,06823
2021-04-30,11.9759,11.9547,12.0395,11.9123,6523873.0,06823
2021-05-03,12.0395,12.1667,12.1667,11.9759,8629522.0,06823
2021-05-04,12.1879,12.0395,12.1879,12.0183,3244438.0,06823
2021-05-05,12.0819,12.1031,12.1455,12.0607,3530873.0,06823
2021-05-06,12.1455,12.1031,12.1455,12.0395,5368979.0,06823
2021-05-07,12.0395,12.0819,12.0819,12.0395,6243927.0,06823
2021-05-10,12.0819,12.1455,12.1455,12.0607,8378716.0,06823
2021-05-11,12.0902,11.8264,12.0902,11.6945,16819749.0,06823
2021-05-12,11.7824,11.6286,11.8264,11.6066,10119209.0,06823
2021-05-13,11.6286,11.5406,11.7385,11.4307,6232654.0,06823
2021-05-14,11.5187,11.5187,11.5626,11.4307,5245557.0,06823
2021-05-17,11.6066,11.5187,11.6945,11.5187,10699530.0,06823
2021-05-18,11.5187,11.5846,11.7605,11.4967,7191242.0,06823
2021-05-20,11.4967,11.5406,11.6725,11.4967,8721188.0,06823
2021-05-21,11.5406,11.5406,11.6286,11.4967,5537350.0,06823
2021-05-24,11.5406,11.5626,11.6725,11.4967,4294639.0,06823
2021-05-25,11.6286,11.5187,11.6725,11.4967,8268931.0,06823
2021-05-26,11.5406,11.5406,11.6066,11.4967,6528970.0,06823
2021-05-27,11.5626,11.5406,11.6286,11.4967,22396938.0,06823
2021-05-28,11.6506,11.6506,11.7165,11.5626,8792047.0,06823
2021-05-31,11.6506,11.5626,11.6725,11.5406,3021301.0,06823
2021-06-01,11.6506,11.6286,11.6725,11.5846,2573060.0,06823
2021-06-02,11.5846,11.5406,11.6286,11.5406,5001613.0,06823
2021-06-03,11.5406,11.4967,11.5846,11.4747,9035898.0,06823
2021-06-04,11.5626,11.4307,11.5626,11.4307,6670155.0,06823
2021-06-07,11.4967,11.3868,11.4967,11.3208,7322489.0,06823
2021-06-08,11.3868,11.4307,11.4967,11.3868,7335622.0,06823
2021-06-09,11.5187,11.5406,11.5846,11.4527,7392275.0,06823
2021-06-10,11.5626,11.5187,11.6286,11.5187,4871574.0,06823
2021-06-11,11.5406,11.5846,11.5846,11.4747,5034508.0,06823
2021-06-15,11.5846,11.5187,11.5846,11.4967,6228847.0,06823
2021-06-16,11.4967,11.4967,11.6286,11.4747,9726508.0,06823
2021-06-17,11.4967,11.5626,11.5846,11.4527,5140695.0,06823
2021-06-18,11.4967,11.6066,11.6066,11.4967,11567676.0,06823
2021-06-21,11.6066,11.5187,11.6286,11.4747,4425608.0,06823
2021-06-22,11.5187,11.5187,11.6066,11.5187,3368888.0,06823
2021-06-23,11.5626,11.5626,11.5846,11.4967,2870091.0,06823
2021-06-24,11.6066,11.6506,11.6506,11.5626,4220726.0,06823
2021-06-25,11.6725,11.7385,11.7605,11.6506,4649100.0,06823
2021-06-28,11.7385,11.6066,11.8704,11.5626,4918023.0,06823
2021-06-29,11.6506,11.5626,11.6725,11.5406,5576758.0,06823
2021-06-30,11.6506,11.6286,11.6506,11.5626,6126403.0,06823
2021-07-02,11.6506,11.6066,11.7385,11.5406,5564316.0,06823
2021-07-05,11.6066,11.7605,11.7605,11.6066,8451281.0,06823
2021-07-06,11.7605,11.6506,11.8484,11.6506,8704509.0,06823
2021-07-07,11.7605,11.7605,11.7605,11.6506,5839965.0,06823
2021-07-08,11.7824,11.5626,11.7824,11.5626,5133006.0,06823
2021-07-09,11.5406,11.5626,11.6725,11.5406,4229479.0,06823
2021-07-12,11.6945,11.5626,11.6945,11.5626,6695258.0,06823
2021-07-13,11.5626,11.6286,11.7165,11.5626,4785449.0,06823
2021-07-14,11.6945,11.6945,11.7385,11.6286,5016567.0,06823
2021-07-15,11.6725,11.6945,11.7824,11.6506,5801991.0,06823
2021-07-16,11.6945,11.7165,11.7385,11.6945,4801612.0,06823
2021-07-19,11.6286,11.6945,11.7385,11.6286,4954042.0,06823
2021-07-20,11.6945,11.7385,11.8484,11.6725,3739931.0,06823
2021-07-21,11.7385,11.7605,11.7824,11.5406,3533965.0,06823
2021-07-22,11.7605,11.7385,11.8264,11.7385,4164553.0,06823
2021-07-23,11.7824,11.7165,11.8044,11.7165,4696113.0,06823
2021-07-26,11.7165,11.6066,11.7824,11.6066,5251906.0,06823
2021-07-27,11.6066,11.5187,11.7385,11.4967,10574833.0,06823
2021-07-28,11.6066,11.5846,11.6506,11.4747,6413630.0,06823
2021-07-29,11.6066,11.6286,11.6286,11.5406,4538564.0,06823
2021-07-30,11.5626,11.6066,11.7165,11.5626,5697674.0,06823
2021-08-02,11.6945,11.7385,11.7385,11.6066,2876146.0,06823
2021-08-03,11.7605,11.6945,11.7605,11.6945,2800684.0,06823
2021-08-04,11.7605,11.7385,11.8484,11.7385,6072510.0,06823
2021-08-05,11.7605,11.6945,11.8264,11.6506,3288397.0,06823
2021-08-06,11.6506,11.7165,11.7605,11.6506,3348292.0,06823
2021-08-09,11.7385,11.8924,11.9803,11.7385,4947556.0,06823
2021-08-10,11.9583,11.9363,11.9583,11.8704,4816612.0,06823
2021-08-11,11.8924,11.9363,11.9363,11.8264,4066299.0,06823
2021-08-12,11.9363,11.9583,11.9583,11.8924,3593668.0,06823
2021-08-13,11.9363,11.9363,11.9583,11.8704,3572008.0,06823
2021-08-16,11.9363,11.9363,11.9583,11.8704,6789098.0,06823
2021-08-17,11.8924,11.8484,11.9143,11.8264,7598728.0,06823
2021-08-18,11.8704,11.8264,11.9143,11.8264,10207232.0,06823
2021-08-19,11.9248,11.7891,11.9248,11.7664,8521791.0,06823
2021-08-20,11.7664,11.8343,11.8343,11.6986,4176217.0,06823
2021-08-23,11.857,11.8796,11.9022,11.8117,1955483.0,06823
2021-08-24,11.8796,11.8343,11.9022,11.7891,3399632.0,06823
2021-08-25,11.9475,11.8117,11.9475,11.8117,3031354.0,06823
2021-08-26,11.8117,11.857,11.8796,11.8117,2896496.0,06823
2021-08-27,11.8343,11.7664,11.8796,11.7212,3944477.0,06823
2021-08-30,11.7891,11.8343,11.8343,11.7212,3250358.0,06823
2021-08-31,11.8343,11.9927,11.9927,11.7438,11332083.0,06823
2021-09-01,12.038,12.1285,12.1285,11.9701,6088613.0,06823
2021-09-02,12.0154,12.0832,12.1737,11.9927,6037169.0,06823
2021-09-03,12.1285,12.0154,12.1285,11.9927,3588197.0,06823
2021-09-06,12.0154,12.0606,12.1059,12.0154,2409479.0,06823
2021-09-07,12.038,11.9475,12.038,11.9248,4810214.0,06823
2021-09-08,11.9701,12.0606,12.0606,11.9248,5389525.0,06823
2021-09-09,11.9927,12.038,12.1059,11.9475,3343125.0,06823
2021-09-10,12.1059,12.0832,12.1059,12.0154,1370680.0,06823
2021-09-13,12.1285,12.219,12.219,12.038,4276788.0,06823
2021-09-14,12.219,12.1511,12.219,12.038,2985650.0,06823
2021-09-15,12.219,12.1511,12.219,12.0832,2506200.0,06823
2021-09-16,12.219,12.1964,12.219,11.9701,6173485.0,06823
2021-09-17,12.219,12.1737,12.219,12.038,6447363.0,06823
2021-09-20,12.1964,12.0832,12.1964,11.8343,6764964.0,06823
2021-09-21,12.0832,12.0606,12.0832,11.9475,2655495.0,06823
2021-09-23,12.0606,12.0606,12.0606,11.8796,4765513.0,06823
2021-09-24,12.0606,12.1285,12.1964,12.0606,6905911.0,06823
2021-09-27,12.0832,12.0606,12.1964,11.9927,2819985.0,06823
2021-09-28,11.9927,11.9701,12.0832,11.9701,3657571.0,06823
2021-09-29,11.9927,12.0832,12.1059,11.8796,3644984.0,06823
2021-09-30,12.0832,12.0606,12.1964,11.9927,7419315.0,06823
2021-10-04,11.9927,12.038,12.1059,11.9927,3767293.0,06823
2021-10-05,11.9927,11.9927,12.0606,11.9248,3108979.0,06823
2021-10-06,11.9927,12.0154,12.1059,11.9248,4640778.0,06823
2021-10-07,11.9701,11.9927,12.0606,11.8796,8250528.0,06823
2021-10-08,11.9927,12.1059,12.1059,11.9248,6767634.0,06823
2021-10-11,12.0154,11.9022,12.0606,11.8796,6681222.0,06823
2021-10-12,11.9022,12.0154,12.038,11.9022,3983048.0,06823
2021-10-15,12.0154,11.9927,12.0606,11.9022,10296814.0,06823
2021-10-18,11.9927,12.0832,12.0832,11.9927,9230052.0,06823
2021-10-19,12.1059,12.0606,12.1511,11.9248,4097337.0,06823
2021-10-20,12.1511,12.1059,12.1511,12.038,3930381.0,06823
2021-10-21,12.1059,12.0154,12.1059,11.9701,3448358.0,06823
2021-10-22,12.038,11.9927,12.0832,11.9248,3106141.0,06823
2021-10-25,12.0606,11.9475,12.0606,11.9475,2919237.0,06823
2021-10-26,11.9927,12.0606,12.0832,11.9248,2557180.0,06823
2021-10-27,12.0154,11.9248,12.1059,11.9248,7592821.0,06823
2021-10-28,11.9248,12.0154,12.038,11.9248,5299740.0,06823
2021-10-29,12.038,11.9475,12.038,11.9475,4333279.0,06823
2021-11-01,11.9701,12.0832,12.1059,11.9475,3610081.0,06823
2021-11-02,12.0606,12.0154,12.1059,11.9927,2005134.0,06823
2021-11-03,12.1059,12.1059,12.1285,12.0154,3713860.0,06823
2021-11-04,12.1511,12.0606,12.1511,12.038,2411903.0,06823
2021-11-05,12.1737,12.1059,12.1737,12.038,2176194.0,06823
2021-11-08,12.1285,12.0606,12.1285,11.9927,3733123.0,06823
2021-11-09,12.1511,12.1059,12.1511,12.038,4429665.0,06823
2021-11-10,12.1059,12.0832,12.1511,12.038,3966089.0,06823
2021-11-11,12.1511,12.1059,12.1511,12.0832,4359837.0,06823
2021-11-12,12.1737,12.0832,12.1737,12.0606,2762243.0,06823
2021-11-15,12.1059,12.0154,12.1059,11.9701,4641758.0,06823
2021-11-16,12.0154,11.9701,12.0832,11.9475,5588481.0,06823
2021-11-17,11.9701,12.0154,12.038,11.9475,4152300.0,06823
2021-11-18,11.9927,11.9701,12.0154,11.9475,3411021.0,06823
2021-11-19,11.9927,12.0832,12.0832,11.9475,2985111.0,06823
2021-11-22,12.0832,12.0154,12.0832,11.9927,1453968.0,06823
2021-11-23,12.0832,11.9927,12.0832,11.9927,2154922.0,06823
2021-11-24,11.9927,12.0154,12.038,11.9701,4332702.0,06823
2021-11-25,11.9927,12.0832,12.0832,11.9927,1747938.0,06823
2021-11-26,11.9927,12.0606,12.0832,11.9927,4584498.0,06823
2021-11-29,12.0606,12.0154,12.0832,11.9927,3770060.0,06823
2021-11-30,12.038,11.9701,12.0832,11.9701,13612699.0,06823
2021-12-01,11.9701,11.9475,12.038,11.9475,7243350.0,06823
2021-12-02,11.9475,12.0606,12.0832,11.9022,6166948.0,06823
2021-12-03,12.1059,11.9927,12.1059,11.9475,3596685.0,06823
2021-12-06,11.9248,11.8796,12.0154,11.8796,7287843.0,06823
2021-12-07,11.9248,12.0606,12.1285,11.9022,9316780.0,06823
2021-12-08,12.0154,12.0606,12.1059,11.9701,9611533.0,06823
2021-12-09,12.1059,12.0606,12.1059,11.9927,3933004.0,06823
2021-12-10,12.0832,12.0154,12.1059,11.9927,2448286.0,06823
2021-12-13,12.0154,11.9475,12.0832,11.9475,5946573.0,06823
2021-12-14,11.9927,11.9248,11.9927,11.9248,4761001.0,06823
2021-12-15,11.9927,11.9248,12.0154,11.9022,4372167.0,06823
2021-12-16,11.8796,11.8343,11.9248,11.7664,10956221.0,06823
2021-12-17,11.8796,11.7664,11.9475,11.7664,9886792.0,06823
2021-12-20,11.7664,11.8117,11.9248,11.7664,5652254.0,06823
2021-12-21,11.9022,11.8117,11.9248,11.8117,3801404.0,06823
2021-12-22,11.9248,11.9475,11.9475,11.8343,5110685.0,06823
2021-12-23,11.8796,11.8796,11.9475,11.857,2488012.0,06823
2021-12-24,11.8796,11.8796,11.9248,11.857,569046.0,06823
2021-12-28,11.9248,11.9475,11.9701,11.8796,1674714.0,06823
2021-12-29,11.9022,11.9022,11.9701,11.8796,3126813.0,06823
2021-12-30,11.9022,11.8796,11.9475,11.8796,3511324.0,06823
2021-12-31,11.9248,11.857,11.9475,11.857,2428002.0,06823
2022-01-03,11.8796,11.9248,11.9701,11.8796,2134210.0,06823
2022-01-04,11.9475,12.038,12.038,11.9248,2068180.0,06823
2022-01-05,12.038,12.0154,12.0606,11.9475,3380549.0,06823
2022-01-06,12.0154,12.0154,12.038,11.9475,2351263.0,06823
2022-01-07,12.0154,12.0606,12.0606,11.9701,2769891.0,06823
2022-01-10,12.0606,12.0154,12.0606,11.9927,2672568.0,06823
2022-01-11,11.9927,12.0154,12.0832,11.9701,4392250.0,06823
2022-01-12,11.9927,11.9022,12.0154,11.8343,8061618.0,06823
2022-01-13,11.9475,11.9022,11.9701,11.9022,4326644.0,06823
2022-01-14,11.9022,11.9475,12.0154,11.8796,4903992.0,06823
2022-01-17,11.9927,11.9927,12.0154,11.9248,1194159.0,06823
2022-01-18,12.0154,11.9927,12.0154,11.9475,3877383.0,06823
2022-01-19,12.0154,11.9701,12.0154,11.9475,4424741.0,06823
2022-01-20,11.9701,12.0154,12.038,11.9701,5103774.0,06823
2022-01-21,12.0154,12.038,12.038,11.9701,2618130.0,06823
2022-01-24,11.9475,11.9701,12.0154,11.9475,3893691.0,06823
2022-01-25,11.9701,11.9701,12.0154,11.9475,5869175.0,06823
2022-01-26,11.9701,11.9927,12.0154,11.9475,5985662.0,06823
2022-01-27,11.9927,11.9701,12.038,11.9701,4535526.0,06823
2022-01-28,11.9701,11.9701,12.038,11.9475,7043117.0,06823
2022-01-31,12.0154,12.0154,12.0154,12.0154,0.0,06823
2022-02-04,11.9927,11.9927,12.0606,11.9475,10166839.0,06823
2022-02-07,11.9701,12.1059,12.1511,11.9701,6243006.0,06823
2022-02-08,12.1059,12.0606,12.1964,12.0606,4203616.0,06823
2022-02-09,12.1511,12.1964,12.2643,12.1059,6226054.0,06823
2022-02-10,12.2416,12.2416,12.3095,12.1737,6367113.0,06823
2022-02-11,12.2416,12.2869,12.4,12.219,5142508.0,06823
2022-02-14,12.3774,12.3095,12.3774,12.2643,4622497.0,06823
2022-02-15,12.3321,12.2869,12.4,12.2416,4608474.0,06823
2022-02-16,12.2869,12.2869,12.3321,12.2416,5180561.0,06823
2022-02-17,12.219,12.2869,12.3321,12.219,3867619.0,06823
2022-02-18,12.219,12.2416,12.3321,12.219,2562193.0,06823
2022-02-21,12.3095,12.219,12.3095,12.1964,3640111.0,06823
2022-02-22,12.219,12.2416,12.2416,12.1511,7166507.0,06823
2022-02-23,12.219,12.2643,12.3095,12.219,3782066.0,06823
2022-02-24,12.2643,12.1059,12.2643,12.0606,8683435.0,06823
2022-02-25,12.038,12.038,12.2643,12.038,10667867.0,06823
2022-02-28,12.0832,11.9248,12.0832,11.9248,13057731.0,06823
2022-03-01,11.9475,11.9701,12.1285,11.9248,8345112.0,06823
2022-03-02,11.9475,11.857,11.9701,11.857,8620902.0,06823
2022-03-03,11.857,12.0154,12.1285,11.8343,4699252.0,06823
2022-03-04,11.9701,11.9927,12.1059,11.9248,4731757.0,06823
2022-03-07,11.9022,11.9701,11.9927,11.8117,9174919.0,06823
2022-03-08,11.9022,11.9022,11.9475,11.857,7195471.0,06823
2022-03-09,11.9022,11.8343,11.9475,11.8343,7379312.0,06823
2022-03-10,11.8343,11.9701,11.9927,11.8343,6235550.0,06823
2022-03-11,11.9022,11.9927,12.0606,11.857,5314348.0,06823
2022-03-14,11.9475,11.857,12.0154,11.857,6314857.0,06823
2022-03-15,11.8343,11.7891,11.8796,11.6307,14040511.0,06823
2022-03-16,11.857,11.857,11.8796,11.7664,8313430.0,06823
2022-03-17,11.9927,12.1285,12.219,11.9701,11483409.0,06823
2022-03-18,12.2416,12.3095,12.3095,12.1511,13235143.0,06823
2022-03-21,12.3095,12.219,12.3095,12.1059,5927122.0,06823
2022-03-22,12.3095,12.3095,12.3774,12.2416,6355332.0,06823
2022-03-23,12.2869,12.2869,12.3321,12.219,4939501.0,06823
2022-03-24,12.3095,12.3321,12.4453,12.219,6961945.0,06823
2022-03-25,12.3095,12.3095,12.4,12.2643,4701393.0,06823
2022-03-28,12.2643,12.2643,12.3095,12.1737,5516820.0,06823
2022-03-29,12.2643,12.3095,12.3321,12.1964,6348207.0,06823
2022-03-30,12.2416,12.2643,12.3095,12.219,8848222.0,06823
2022-03-31,12.3095,12.1737,12.3095,12.1511,7278290.0,06823
2022-04-01,12.2416,12.2643,12.3095,12.1737,6338067.0,06823
2022-04-04,12.2643,12.2416,12.3095,12.1964,4814789.0,06823
2022-04-06,12.2869,12.2416,12.2869,12.1737,6204555.0,06823
2022-04-07,12.1964,12.2869,12.4227,12.1964,8011544.0,06823
2022-04-08,12.3095,12.3095,12.3321,12.219,3749941.0,06823
2022-04-11,12.3095,12.2643,12.3321,12.1964,6630693.0,06823
2022-04-12,12.3095,12.2643,12.3321,12.219,5144213.0,06823
2022-04-13,12.219,12.2643,12.3095,12.219,2845567.0,06823
2022-04-14,12.219,12.3095,12.3095,12.219,4971804.0,06823
2022-04-19,12.3321,12.2869,12.3548,12.2416,7561330.0,06823
2022-04-20,12.2416,12.2869,12.3321,12.2416,6682225.0,06823
2022-04-21,12.2869,12.3321,12.3774,12.2643,6374011.0,06823
2022-04-22,12.3321,12.4,12.4453,12.2869,7304393.0,06823
2022-04-25,12.3774,12.4227,12.5132,12.2869,25922210.0,06823
2022-04-26,12.4227,12.5584,12.5584,12.3548,8815885.0,06823
2022-04-27,12.581,12.581,12.6263,12.4679,5851991.0,06823
2022-04-28,12.5584,12.6716,12.7168,12.5358,7277580.0,06823
2022-04-29,12.581,12.7394,12.8526,12.581,9173015.0,06823
2022-05-03,12.7621,12.7394,12.83,12.3774,13612141.0,06823
2022-05-04,12.7394,12.6942,12.7394,12.6263,7087718.0,06823
2022-05-05,12.7394,12.6942,12.7394,12.6263,5377211.0,06823
2022-05-06,12.7168,12.7621,12.7847,12.6489,9471905.0,06823
2022-05-10,12.7621,12.7168,12.7847,12.4453,10332334.0,06823
2022-05-11,12.7621,12.7168,12.7621,12.5358,9005123.0,06823
2022-05-12,12.7168,12.6942,12.7621,12.5132,13169048.0,06823
2022-05-13,12.581,12.6489,12.7168,12.581,15810845.0,06823
2022-05-16,12.7168,12.7394,12.7847,12.6263,11121865.0,06823
2022-05-17,12.7873,12.7403,12.8108,12.5992,10284129.0,06823
2022-05-18,12.7403,12.7403,12.7638,12.6697,7191735.0,06823
2022-05-19,12.7168,12.7873,12.8578,12.6697,11349452.0,06823
2022-05-20,12.8813,12.7403,12.8813,12.6933,7596054.0,06823
2022-05-23,12.6697,12.6227,12.7168,12.5992,4431771.0,06823
2022-05-24,12.6933,12.5992,12.6933,12.5522,5988911.0,06823
2022-05-25,12.7168,12.6462,12.7168,12.6227,5664969.0,06823
2022-05-26,12.7168,12.6933,12.7168,12.5757,4137777.0,06823
2022-05-27,12.7403,12.7168,12.7403,12.5992,2711868.0,06823
2022-05-30,12.7168,12.7168,12.7403,12.6697,3111430.0,06823
2022-05-31,12.6697,12.6933,12.6933,12.5757,15428322.0,06823
2022-06-01,12.8108,12.5992,12.8108,12.5757,7179104.0,06823
2022-06-02,12.6933,12.7168,12.7638,12.6227,4390151.0,06823
2022-06-06,12.7403,12.7403,12.7638,12.6227,4926095.0,06823
2022-06-07,12.6462,12.6697,12.7403,12.6462,2583588.0,06823
2022-06-08,12.7168,12.7168,12.7168,12.6462,4644276.0,06823
2022-06-09,12.7168,12.5992,12.7168,12.5992,5555245.0,06823
2022-06-10,12.5992,12.5992,12.6933,12.5992,2867143.0,06823
2022-06-13,12.5757,12.5992,12.6933,12.5522,4766282.0,06823
2022-06-14,12.5757,12.5992,12.6697,12.5522,4442982.0,06823
2022-06-15,12.4582,12.4817,12.5757,12.4582,6719095.0,06823
2022-06-16,12.4112,12.3407,12.4817,12.2701,15522361.0,06823
2022-06-17,12.2701,12.0821,12.3407,12.0821,16182190.0,06823
2022-06-20,12.0351,12.2936,12.3407,12.0351,7895950.0,06823
2022-06-21,12.3877,12.2936,12.3877,12.2231,5644065.0,06823
2022-06-22,12.3642,12.2466,12.3877,12.2466,4631847.0,06823
2022-06-23,12.2231,12.3642,12.3642,12.2231,3886505.0,06823
2022-06-24,12.3877,12.3642,12.4112,12.2701,2511373.0,06823
2022-06-27,12.4112,12.5287,12.5287,12.3407,6055542.0,06823
2022-06-28,12.5757,12.3877,12.5757,12.3642,4258628.0,06823
2022-06-29,12.3642,12.3642,12.4112,12.3172,5006943.0,06823
2022-06-30,12.3642,12.3877,12.4582,12.3172,5120321.0,06823
2022-07-04,12.3877,12.4817,12.4817,12.3642,2829418.0,06823
2022-07-05,12.4347,12.4582,12.5522,12.3877,3260239.0,06823
2022-07-06,12.4112,12.5757,12.5992,12.4112,5224952.0,06823
2022-07-07,12.5757,12.6462,12.6462,12.4347,7517656.0,06823
2022-07-08,12.6697,12.7873,12.8343,12.4817,10469477.0,06823
2022-07-11,12.7638,12.8343,12.8343,12.6933,7972162.0,06823
2022-07-12,12.8108,13.0693,13.0929,12.6933,22163155.0,06823
2022-07-13,12.9283,13.0929,13.0929,12.9048,9874221.0,06823
2022-07-14,12.9518,13.0223,13.0458,12.8343,8559195.0,06823
2022-07-15,12.9283,12.9283,12.9753,12.8108,5244487.0,06823
2022-07-18,12.8108,12.9518,12.9518,12.8108,3420925.0,06823
2022-07-19,12.8813,12.8578,13.0223,12.8343,3294299.0,06823
2022-07-20,12.9283,12.9283,12.9988,12.8813,2273291.0,06823
2022-07-21,12.9048,12.8343,12.9048,12.6933,4550166.0,06823
2022-07-22,12.8813,12.8578,12.8813,12.7873,3777170.0,06823
2022-07-25,12.8108,12.8108,12.8578,12.6933,3035537.0,06823
2022-07-26,12.7403,12.7873,12.8813,12.7403,4339475.0,06823
2022-07-27,12.7168,12.8343,12.8578,12.6933,3665430.0,06823
2022-07-28,12.9048,12.9048,12.9048,12.8343,4704602.0,06823
2022-07-29,12.8813,12.9283,12.9283,12.8343,6926431.0,06823
2022-08-01,12.9518,12.8343,12.9518,12.7873,2637747.0,06823
2022-08-02,12.7403,12.7638,12.8813,12.7168,3906971.0,06823
2022-08-03,12.7638,12.8108,12.8343,12.7168,5134201.0,06823
2022-08-04,12.8813,12.7638,12.8813,12.7638,7001047.0,06823
2022-08-05,12.7638,12.8343,12.9048,12.7638,2223345.0,06823
2022-08-08,12.8108,12.8108,12.8813,12.7873,1842064.0,06823
2022-08-09,12.7873,12.8578,12.8813,12.7638,3208016.0,06823
2022-08-10,12.8813,12.8108,12.8813,12.7638,4530970.0,06823
2022-08-11,12.8108,12.8343,12.9753,12.8108,3062274.0,06823
2022-08-12,12.9283,12.8343,12.9753,12.8343,5482667.0,06823
2022-08-15,12.9283,12.9283,13.0223,12.8813,4830987.0,06823
2022-08-16,13.0458,12.9753,13.0458,12.9048,4975887.0,06823
2022-08-17,12.9283,13.0458,13.0458,12.8343,7275699.0,06823
2022-08-18,13.0929,12.9283,13.0929,12.9048,5625485.0,06823
2022-08-19,12.9283,12.9283,13.0458,12.8578,11704197.0,06823
2022-08-22,12.8813,12.9283,13.0223,12.8578,12958320.0,06823
2022-08-23,12.9283,12.8578,12.9988,12.8108,7558155.0,06823
2022-08-24,12.8343,12.7873,12.8343,12.6933,6986186.0,06823
2022-08-25,13.1668,12.7069,13.1668,12.7069,5262091.0,06823
2022-08-26,12.8037,12.7795,12.8521,12.7069,3827514.0,06823
2022-08-29,12.7795,12.6343,12.8037,12.6101,2662758.0,06823
2022-08-30,12.6343,12.8521,12.8521,12.6343,5083401.0,06823
2022-08-31,12.8521,12.7553,12.9974,12.6585,12173459.0,06823
2022-09-01,12.6343,12.5375,12.7069,12.5375,8251677.0,06823
2022-09-02,12.4891,12.5859,12.6343,12.4891,4720871.0,06823
2022-09-05,12.5859,12.7069,12.7069,12.4649,3569431.0,06823
2022-09-06,12.6585,12.6101,12.7069,12.5617,4506756.0,06823
2022-09-07,12.5859,12.7069,12.7069,12.5617,5183167.0,06823
2022-09-08,12.6101,12.7069,12.7553,12.6101,6067466.0,06823
2022-09-09,12.7069,12.6585,12.7311,12.6101,2879063.0,06823
2022-09-13,12.6101,12.5859,12.7311,12.5859,7866482.0,06823
2022-09-14,12.5859,12.5375,12.6343,12.4891,4823410.0,06823
2022-09-15,12.6343,12.5617,12.6585,12.5375,3701554.0,06823
2022-09-16,12.6101,12.3439,12.6101,12.3439,11413026.0,06823
2022-09-19,12.4165,12.4165,12.4891,12.3439,4124863.0,06823
2022-09-20,12.4649,12.3681,12.4891,12.3681,2543561.0,06823
2022-09-21,12.3439,12.3439,12.4649,12.3439,4678806.0,06823
2022-09-22,12.3197,12.3923,12.4165,12.3197,3196529.0,06823
2022-09-23,12.4407,12.3439,12.5375,12.3439,4073163.0,06823
2022-09-26,12.2228,12.1502,12.3439,12.126,6870804.0,06823
2022-09-27,12.2955,12.1018,12.2955,12.0171,8422553.0,06823
2022-09-28,12.1018,11.6178,12.1018,11.5694,11430758.0,06823
2022-09-29,11.7025,11.3757,11.7872,11.3273,10357260.0,06823
2022-09-30,11.3394,11.1337,11.3394,11.0853,15635476.0,06823
2022-10-03,11.1095,10.9522,11.1216,10.8795,8739807.0,06823
2022-10-05,11.2668,11.291,11.3636,11.0853,14190804.0,06823
2022-10-06,11.291,11.3394,11.3878,11.2426,4695823.0,06823
2022-10-07,11.2547,11.1095,11.291,11.1095,8115524.0,06823
2022-10-10,11.1337,11.0611,11.1821,11.0127,4202615.0,06823
2022-10-11,10.9643,10.9037,11.0611,10.8069,9610480.0,06823
2022-10-12,10.8916,10.819,10.8916,10.7585,9154827.0,06823
2022-10-13,10.7706,10.819,10.8916,10.6859,6883009.0,06823
2022-10-14,10.9522,10.8916,11.0611,10.8795,6013293.0,06823
2022-10-17,10.7101,10.7827,10.8674,10.7101,5042565.0,06823
2022-10-18,10.8432,11.0248,11.049,10.7948,4461324.0,06823
2022-10-19,11.0127,11.0611,11.1337,11.0127,6468798.0,06823
2022-10-20,11.0006,11.1821,11.1821,10.9159,6361902.0,06823
2022-10-21,11.1337,11.2789,11.3636,11.049,8924542.0,06823
2022-10-24,11.2789,10.928,11.2789,10.7827,13713824.0,06823
2022-10-25,10.928,10.8432,11.0127,10.7827,8932022.0,06823
2022-10-26,10.9159,11.0006,11.2063,10.8432,9757663.0,06823
2022-10-27,11.0006,11.0248,11.1337,10.9643,7462919.0,06823
2022-10-28,11.0732,11.0369,11.1942,10.9764,7312973.0,06823
2022-10-31,10.9037,10.7343,11.0248,10.698,11786979.0,06823
2022-11-01,10.7464,10.8674,10.9885,10.7464,6342029.0,06823
2022-11-02,10.8674,10.6496,10.8674,10.5891,6978680.0,06823
2022-11-03,10.577,10.2139,10.5891,10.1897,14268640.0,06823
2022-11-04,10.226,10.6375,10.6859,10.226,9897085.0,06823
2022-11-07,10.6375,10.7706,10.8553,10.6254,4889881.0,06823
2022-11-08,10.7706,10.819,10.8795,10.6496,3831404.0,06823
2022-11-09,10.7706,10.7101,10.7827,10.6133,5564796.0,06823
2022-11-10,10.6133,10.7464,10.7948,10.5286,3648740.0,06823
2022-11-11,11.0611,11.0974,11.2547,11.0006,6453906.0,06823
2022-11-14,11.1337,11.1942,11.2789,11.1337,3694507.0,06823
2022-11-15,11.1458,11.4846,11.4967,11.1337,7474732.0,06823
2022-11-16,11.6057,11.3636,11.6057,11.2789,8152509.0,06823
2022-11-17,11.5088,11.4725,11.5572,11.4362,6983220.0,06823
2022-11-18,11.5572,11.3152,11.5693,11.3031,3195141.0,06823
2022-11-21,11.3152,11.4362,11.4604,11.1337,3766947.0,06823
2022-11-22,11.3999,11.2668,11.4846,11.2063,5687736.0,06823
2022-11-23,11.2426,11.3394,11.3878,11.2305,2427288.0,06823
2022-11-24,11.2305,11.4967,11.6057,11.2305,3601724.0,06823
2022-11-25,11.6057,11.4725,11.6057,11.3757,3193312.0,06823
2022-11-28,11.3757,11.4362,11.5209,11.2668,4121171.0,06823
2022-11-29,11.4241,11.3394,11.5451,11.3152,6295694.0,06823
2022-11-30,11.3394,11.4725,11.4846,11.1458,14030254.0,06823
2022-12-01,11.4725,11.3515,11.4967,11.3031,6372872.0,06823
2022-12-02,11.2789,11.3878,11.4725,11.2789,7089507.0,06823
2022-12-05,11.4241,11.5209,11.5936,11.291,7818504.0,06823
2022-12-06,11.4362,11.5815,11.6541,11.4362,4742421.0,06823
2022-12-07,11.642,11.4967,11.8477,11.4967,8736705.0,06823
2022-12-08,11.4967,11.533,11.5936,11.412,6039028.0,06823
2022-12-09,11.4846,11.4725,11.5815,11.3757,8803471.0,06823
2022-12-12,11.3757,11.4604,11.5815,11.3636,5477491.0,06823
2022-12-13,11.4967,11.642,11.6662,11.4241,5257342.0,06823
2022-12-14,11.6783,11.7025,11.7993,11.6299,5195411.0,06823
2022-12-15,11.6299,11.4483,11.7388,11.4483,6723788.0,06823
2022-12-16,11.4483,11.5936,11.7025,11.3878,9278538.0,06823
2022-12-19,11.4725,11.4725,11.5815,11.4483,4852181.0,06823
2022-12-20,11.4725,11.3515,11.5936,11.3515,5637925.0,06823
2022-12-21,11.3636,11.4725,11.5209,11.3515,3753736.0,06823
2022-12-22,11.4725,11.6541,11.7146,11.4362,4584927.0,06823
2022-12-23,11.6178,11.5815,11.6783,11.5088,3529792.0,06823
2022-12-28,11.5815,11.6541,11.7267,11.4967,5227138.0,06823
2022-12-29,11.6178,11.6299,11.6783,11.5088,3148538.0,06823
2022-12-30,11.6904,11.5815,11.6904,11.5693,2907819.0,06823
2023-01-03,11.6057,11.8114,11.8235,11.5209,3283261.0,06823
2023-01-04,11.8114,12.0534,12.1502,11.8114,5996176.0,06823
2023-01-05,12.0776,11.8356,12.126,11.7388,7946080.0,06823
2023-01-06,11.8477,11.8477,11.9324,11.7751,3563008.0,06823
2023-01-09,11.8235,11.8114,11.9324,11.7388,6484071.0,06823
2023-01-10,11.8356,11.9082,11.9566,11.6783,5422050.0,06823
2023-01-11,11.9808,11.7993,12.0171,11.7509,11836576.0,06823
2023-01-12,11.9203,11.8235,11.9324,11.7025,6615112.0,06823
2023-01-13,11.7388,11.9203,11.9324,11.7388,4446841.0,06823
2023-01-16,11.9687,12.0534,12.0655,11.9203,4939792.0,06823
2023-01-17,12.0534,11.8961,12.0655,11.8961,3668754.0,06823
2023-01-18,11.8598,12.005,12.1018,11.8598,4730183.0,06823
2023-01-19,11.9082,12.1018,12.1744,11.9082,4688388.0,06823
2023-01-20,12.1018,12.2228,12.3197,12.005,6183664.0,06823
2023-01-26,12.3439,12.126,12.3439,12.1018,7559721.0,06823
2023-01-27,12.2955,12.1502,12.2955,12.1018,5392117.0,06823
2023-01-30,12.1502,12.3439,12.4165,12.1018,8490123.0,06823
2023-01-31,12.3439,12.4165,12.4649,12.2955,8036681.0,06823
2023-02-01,12.4165,12.7311,12.7311,12.2471,10279621.0,06823
2023-02-02,12.7795,12.9248,12.949,12.7069,9927509.0,06823
2023-02-03,12.7795,12.9005,12.9248,12.7311,4444347.0,06823
2023-02-06,12.7311,12.8279,12.8763,12.5859,5880025.0,06823
2023-02-07,12.8279,12.8521,12.8763,12.7311,6088956.0,06823
2023-02-08,12.7795,12.949,12.9732,12.7553,6568982.0,06823
2023-02-09,12.9248,12.949,12.9974,12.8037,5044366.0,06823
2023-02-10,13.07,13.0458,13.191,12.949,6344092.0,06823
2023-02-13,12.949,12.9248,13.0942,12.8763,7004505.0,06823
2023-02-14,12.9974,12.949,13.0216,12.8279,3804047.0,06823
2023-02-15,12.8279,12.6343,12.949,12.5859,7918437.0,06823
2023-02-16,12.6101,12.7069,12.8279,12.5859,5225514.0,06823
2023-02-17,12.5859,12.5859,12.8037,12.5133,6435564.0,06823
2023-02-20,12.5617,12.5859,12.6585,12.4407,4486904.0,06823
2023-02-21,12.6827,12.6343,12.8037,12.5617,2978391.0,06823
2023-02-22,12.6343,12.5133,12.6343,12.4649,4956735.0,06823
2023-02-23,12.5133,12.5859,12.7069,12.5133,5224293.0,06823
2023-02-24,12.4407,12.4891,12.5617,12.3923,6125685.0,06823
2023-02-27,12.3681,12.3923,12.5859,12.3439,5903043.0,06823
2023-02-28,12.2713,12.3439,12.4649,12.2713,7440938.0,06823
2023-03-01,12.2471,12.5859,12.6827,12.2471,7146486.0,06823
2023-03-02,12.5859,12.6585,12.6585,12.4649,3284301.0,06823
2023-03-03,12.6343,12.6585,12.6827,12.4407,3809046.0,06823
2023-03-06,12.6585,12.6343,12.7795,12.6343,4696137.0,06823
2023-03-07,12.6343,12.6101,12.8037,12.5617,4805369.0,06823
2023-03-08,12.5617,12.6827,12.7311,12.5375,4874739.0,06823
2023-03-09,12.6827,12.7795,12.8279,12.6343,4890462.0,06823
2023-03-10,12.5859,12.6101,12.7069,12.5617,3519053.0,06823
2023-03-13,12.6101,12.7069,12.7553,12.5375,5291480.0,06823
2023-03-14,12.6585,12.6101,12.7553,12.6101,3946379.0,06823
2023-03-15,12.7795,12.6343,12.7795,12.5859,6030105.0,06823
2023-03-16,12.4649,12.5859,12.6585,12.4649,4912364.0,06823
2023-03-17,12.5859,12.6585,12.7553,12.5375,7321710.0,06823
2023-03-20,12.5859,12.4891,12.7311,12.4407,5473999.0,06823
2023-03-21,12.4649,12.3439,12.5133,12.2955,5649063.0,06823
2023-03-22,12.3439,12.4891,12.5617,12.3439,2738789.0,06823
2023-03-23,12.3681,12.5133,12.5859,12.2471,4645974.0,06823
2023-03-24,12.5859,12.5617,12.6585,12.4407,2833066.0,06823
2023-03-27,12.4891,12.5133,12.6343,12.4165,3934646.0,06823
2023-03-28,12.6101,12.5617,12.6585,12.5133,2362276.0,06823
2023-03-29,12.4649,12.6101,12.6343,12.4649,3057361.0,06823
2023-03-30,12.5375,12.5859,12.6827,12.5375,2170958.0,06823
2023-03-31,12.4891,12.6101,12.6585,12.4891,3946268.0,06823
2023-04-03,12.5375,12.6101,12.7069,12.5375,2074289.0,06823
2023-04-04,12.5859,12.6343,12.6827,12.5617,2088158.0,06823
2023-04-06,12.7795,12.6827,12.8279,12.6585,4516676.0,06823
2023-04-11,12.6827,12.7069,12.8037,12.6827,2687904.0,06823
2023-04-12,12.7069,12.8763,12.949,12.7069,5211975.0,06823
2023-04-13,12.9005,12.9974,13.07,12.8521,6001835.0,06823
2023-04-14,12.8763,12.8763,12.949,12.7795,6187620.0,06823
2023-04-17,12.7553,12.8037,12.8521,12.7069,6521703.0,06823
2023-04-18,12.7795,12.4407,12.7795,12.3681,15312939.0,06823
2023-04-19,12.3923,12.3197,12.4407,12.2955,9726822.0,06823
2023-04-20,12.3681,12.3439,12.4165,12.2955,5464723.0,06823
2023-04-21,12.2955,12.3681,12.3923,12.2713,4200335.0,06823
2023-04-24,12.3439,12.2713,12.3439,12.2228,4065662.0,06823
2023-04-25,12.2228,12.2955,12.3439,12.2228,3949639.0,06823
2023-04-26,12.2955,12.3923,12.3923,12.2471,4146285.0,06823
2023-04-27,12.3439,12.4165,12.4407,12.1986,4161641.0,06823
2023-04-28,12.4165,12.4649,12.5617,12.3923,7039046.0,06823
2023-05-02,12.4891,12.5375,12.5617,12.4165,3685086.0,06823
2023-05-03,12.3439,12.5617,12.5859,12.3197,5586447.0,06823
2023-05-04,12.4165,12.5133,12.5617,12.4165,3794225.0,06823
2023-05-05,12.5133,12.6101,12.6343,12.5133,3190941.0,06823
2023-05-08,12.5375,12.4649,12.6101,12.4649,4133395.0,06823
2023-05-09,12.4407,12.4407,12.5375,12.3681,4958066.0,06823
2023-05-10,12.3923,12.3681,12.4165,12.3439,4116902.0,06823
2023-05-11,12.3681,12.3681,12.3923,12.2955,6567737.0,06823
2023-05-12,12.3681,12.3439,12.3923,12.2955,4928089.0,06823
2023-05-15,12.2713,12.3439,12.4165,12.2713,3506469.0,06823
2023-05-16,12.2955,12.3923,12.4165,12.2955,3935994.0,06823
2023-05-17,12.3923,12.3197,12.3923,12.3197,3739989.0,06823
2023-05-18,12.3439,12.3197,12.4165,12.3197,2134581.0,06823
2023-05-19,12.3681,12.2955,12.3681,12.2955,5362419.0,06823
2023-05-22,12.2228,12.3923,12.3923,12.2228,6363732.0,06823
2023-05-23,12.4165,12.2471,12.4165,12.2228,4382943.0,06823
2023-05-24,12.2228,12.1744,12.2471,12.1502,5307218.0,06823
2023-05-25,12.126,12.126,12.2713,12.1018,7046486.0,06823
2023-05-29,12.1018,12.1018,12.2228,12.1018,4707810.0,06823
2023-05-30,12.1018,12.0776,12.1986,12.0776,3085044.0,06823
2023-05-31,12.126,12.1018,12.1744,12.0534,12031010.0,06823
2023-06-01,12.1018,12.0534,12.1502,12.0534,6293008.0,06823
2023-06-02,12.1439,12.068,12.2577,12.0174,7690031.0,06823
2023-06-05,12.1439,12.1692,12.1692,12.0174,3362630.0,06823
2023-06-06,12.0553,12.1565,12.1565,12.0427,4057448.0,06823
2023-06-07,12.0933,12.1818,12.3969,12.0806,6041604.0,06823
2023-06-08,12.1818,12.0806,12.2451,12.0427,5402688.0,06823
2023-06-09,12.0806,12.1312,12.1312,12.0174,4731395.0,06823
2023-06-12,12.1312,11.7517,12.1312,11.7391,11775922.0,06823
2023-06-13,11.7391,11.4481,11.7517,11.4228,15650390.0,06823
2023-06-14,11.3849,11.4102,11.6379,11.3216,16217880.0,06823
2023-06-15,11.5114,11.6379,11.6758,11.5114,5842989.0,06823
2023-06-16,11.7011,11.7264,11.7897,11.5493,11839781.0,06823
2023-06-19,11.6885,11.6632,11.777,11.6252,1987301.0,06823
2023-06-20,11.6379,11.6379,11.7264,11.6379,2083870.0,06823
2023-06-21,11.5493,11.4608,11.6379,11.4608,8365459.0,06823
2023-06-23,11.3849,11.4481,11.5114,11.3849,5150304.0,06823
2023-06-26,11.4608,11.4355,11.5493,11.4355,7461826.0,06823
2023-06-27,11.4355,11.6252,11.6632,11.3975,8799499.0,06823
2023-06-28,11.7011,11.6379,11.7138,11.5746,4692993.0,06823
2023-06-29,11.5493,11.5493,11.6885,11.5493,4730834.0,06823
2023-06-30,11.4608,11.524,11.6252,11.4608,5324690.0,06823
2023-07-03,11.5114,11.562,11.6505,11.5114,2667420.0,06823
2023-07-04,11.562,11.6379,11.6758,11.562,4555028.0,06823
2023-07-05,11.6505,11.6885,11.7011,11.5873,3801835.0,06823
2023-07-06,11.6758,11.8403,11.9162,11.6379,10250231.0,06823
2023-07-07,11.7897,11.6758,11.8276,11.6379,6400308.0,06823
2023-07-10,11.7011,11.4861,11.7138,11.4734,4207196.0,06823
2023-07-11,11.4861,11.5493,11.5746,11.4734,6183056.0,06823
2023-07-12,11.4861,11.4481,11.5493,11.4481,4456770.0,06823
2023-07-13,11.524,11.4861,11.5746,11.4861,3606045.0,06823
2023-07-14,11.4608,11.524,11.562,11.4608,4042642.0,06823
2023-07-18,11.4355,11.4987,11.5367,11.4355,4242971.0,06823
2023-07-19,11.4734,11.7011,11.7264,11.4734,6826893.0,06823
2023-07-20,11.777,11.7138,11.815,11.7138,6877443.0,06823
2023-07-21,11.7011,11.8276,11.8276,11.6632,4123203.0,06823
2023-07-24,11.7644,11.815,11.8276,11.7264,3713908.0,06823
2023-07-25,11.815,11.8023,11.8529,11.7897,2010081.0,06823
2023-07-26,11.8656,11.8782,11.9541,11.815,3034581.0,06823
2023-07-27,11.9415,11.8909,11.9415,11.8656,2223463.0,06823
2023-07-28,11.777,11.8403,11.9035,11.777,2130541.0,06823
2023-07-31,11.8782,11.6252,11.8782,11.6252,7744419.0,06823
2023-08-01,11.6252,11.5746,11.6885,11.562,5876641.0,06823
2023-08-02,11.5746,11.4481,11.5873,11.4481,9245327.0,06823
2023-08-03,11.4861,11.5114,11.6758,11.4861,9892260.0,06823
2023-08-04,11.562,11.5114,11.6126,11.4734,6455618.0,06823
2023-08-07,11.5114,11.5114,11.5493,11.4734,2865528.0,06823
2023-08-08,11.4861,11.4355,11.4987,11.4102,11505915.0,06823
2023-08-09,11.4228,11.4734,11.524,11.4228,6791311.0,06823
2023-08-10,11.4861,11.4987,11.5367,11.4481,3123634.0,06823
2023-08-11,11.4861,11.4734,11.5114,11.4734,5389014.0,06823
2023-08-14,11.4861,11.4228,11.5114,11.4228,6700263.0,06823
2023-08-15,11.4481,11.4102,11.4608,11.3975,4382010.0,06823
2023-08-16,11.3849,11.4102,11.4987,11.3849,16117375.0,06823
2023-08-17,11.4895,11.319,11.5289,11.201,7094010.0,06823
2023-08-18,11.319,11.2272,11.3715,11.2272,3735104.0,06823
2023-08-21,11.1616,10.86,11.1747,10.86,9522216.0,06823
2023-08-22,10.7944,10.7682,10.9255,10.755,7739507.0,06823
2023-08-23,10.7288,10.7157,10.7813,10.7026,6439790.0,06823
2023-08-24,10.755,10.9255,11.0042,10.7157,7164284.0,06823
2023-08-25,10.8862,10.8862,11.0436,10.7419,4743703.0,06823
2023-08-28,10.8993,11.0174,11.0567,10.8993,2928966.0,06823
2023-08-29,11.0042,11.1223,11.1485,10.9911,5205402.0,06823
2023-08-30,11.1223,11.1616,11.2797,11.1223,2519001.0,06823
2023-08-31,11.1223,10.9649,11.201,10.9649,16786608.0,06823
2023-09-04,11.1092,11.0042,11.2534,10.8862,6994666.0,06823
2023-09-05,11.0829,10.8206,11.0829,10.7682,6103802.0,06823
2023-09-06,10.8206,10.86,10.8862,10.7419,3440740.0,06823
2023-09-07,10.7813,10.86,10.8993,10.7813,1915500.0,06823
2023-09-11,10.8075,10.7944,10.8862,10.755,5888869.0,06823
2023-09-12,10.8075,10.8731,10.8993,10.755,4009879.0,06823
2023-09-13,10.8337,10.8731,10.9518,10.8337,3575728.0,06823
2023-09-14,10.9387,10.9387,11.0174,10.8862,2922750.0,06823
2023-09-15,10.9124,11.0698,11.1223,10.9124,11807183.0,06823
2023-09-18,11.0698,10.9255,11.0698,10.8993,2691438.0,06823
2023-09-19,10.9518,10.8468,10.9518,10.8468,3595830.0,06823
2023-09-20,10.8206,10.8862,10.9387,10.8206,2567924.0,06823
2023-09-21,10.9255,10.8862,10.9649,10.8468,4555016.0,06823
2023-09-22,10.8731,10.9124,10.9387,10.8206,2275124.0,06823
2023-09-25,10.8862,10.86,10.9518,10.86,1857588.0,06823
2023-09-26,10.86,10.8075,10.8731,10.7682,3252598.0,06823
2023-09-27,10.7682,10.755,10.8075,10.7026,2835779.0,06823
2023-09-28,10.7288,10.6895,10.755,10.6239,3254055.0,06823
2023-09-29,10.6895,10.7288,10.7813,10.6895,3650446.0,06823
2023-10-03,10.6501,10.5583,10.7288,10.519,6239109.0,06823
2023-10-04,10.5058,10.4927,10.5321,10.3747,6125815.0,06823
2023-10-05,10.4927,10.5976,10.6895,10.4927,2965022.0,06823
2023-10-06,10.5976,10.6763,10.7157,10.5845,5379731.0,06823
2023-10-09,10.5583,10.6239,10.7288,10.3878,2616564.0,06823
2023-10-10,10.5976,10.7288,10.7419,10.5976,3872654.0,06823
2023-10-11,10.755,10.7944,10.8993,10.755,5209459.0,06823
2023-10-12,10.8862,10.9387,10.9911,10.8468,4522561.0,06823
2023-10-13,10.978,10.7026,10.978,10.7026,4018435.0,06823
2023-10-16,10.6895,10.7026,10.8337,10.6895,2680013.0,06823
2023-10-17,10.7157,10.8075,10.86,10.7026,1581207.0,06823
2023-10-18,10.7813,10.7682,10.8993,10.7682,2570183.0,06823
2023-10-19,10.7157,10.6501,10.7157,10.6501,2881360.0,06823
2023-10-20,10.6239,10.6239,10.7157,10.6108,4775619.0,06823
2023-10-24,10.6239,10.6501,10.6632,10.5321,5718780.0,06823
2023-10-25,10.7157,10.6239,10.7157,10.5976,3155085.0,06823
2023-10-26,10.5976,10.7288,10.7288,10.5976,5211608.0,06823
2023-10-27,10.7419,10.7813,10.86,10.6895,3549711.0,06823
2023-10-30,10.7157,10.637,10.7813,10.5976,3582495.0,06823
2023-10-31,10.6501,10.6239,10.6895,10.5845,3964383.0,06823
2023-11-01,10.6763,10.6501,10.6763,10.6239,1782220.0,06823
2023-11-02,10.7157,10.7813,10.7944,10.6108,3311991.0,06823
2023-11-03,10.7944,10.9124,10.9255,10.7419,6002897.0,06823
2023-11-06,10.9387,10.8993,10.978,10.8337,2830071.0,06823
2023-11-07,10.8862,10.7944,10.8862,10.755,4920174.0,06823
2023-11-08,10.755,10.6239,10.8206,10.5583,7758107.0,06823
2023-11-09,10.6895,10.6108,10.6895,10.5058,5299915.0,06823
2023-11-10,10.5714,10.6239,10.637,10.5321,2121973.0,06823
2023-11-13,10.6239,10.6501,10.6895,10.5583,3176100.0,06823
2023-11-14,10.6763,10.6632,10.7157,10.6239,3533876.0,06823
2023-11-15,10.6763,10.8862,10.8862,10.6632,6866764.0,06823
2023-11-16,10.86,10.8468,10.8731,10.7944,1953238.0,06823
2023-11-17,10.8468,10.8206,10.8993,10.7944,3840330.0,06823
2023-11-20,10.7944,10.8731,10.9124,10.7944,6273445.0,06823
2023-11-21,10.8731,10.8206,10.9387,10.7944,4060883.0,06823
2023-11-22,10.7682,10.7944,10.8337,10.7419,4195029.0,06823
2023-11-23,10.755,10.7813,10.8206,10.7419,2751140.0,06823
2023-11-24,10.7813,10.8468,10.8731,10.7682,3891167.0,06823
2023-11-27,10.8468,11.0042,11.0174,10.7682,6176013.0,06823
2023-11-28,11.0042,11.0174,11.1354,10.9911,7276612.0,06823
2023-11-29,11.0174,11.0174,11.1092,10.9649,5853682.0,06823
2023-11-30,10.9649,10.9255,10.9911,10.8075,17844031.0,06823
2023-12-01,10.8731,10.9518,11.0436,10.86,6931736.0,06823
2023-12-04,10.8468,10.9518,11.0042,10.8468,4874945.0,06823
2023-12-05,10.9518,10.8993,10.9518,10.7944,4016037.0,06823
2023-12-06,10.8993,11.0698,11.0961,10.8337,4593392.0,06823
2023-12-07,11.0698,11.3453,11.3715,10.9649,11477683.0,06823
2023-12-08,11.3453,11.5026,11.5289,11.319,8011834.0,06823
2023-12-11,11.5026,11.3584,11.5158,11.1485,6482892.0,06823
2023-12-12,11.4108,11.6863,11.8043,11.3584,8943533.0,06823
2023-12-13,11.7256,11.7781,11.8174,11.6076,7331727.0,06823
2023-12-14,11.9355,12.2634,12.3027,11.9355,15860407.0,06823
2023-12-15,12.2634,12.224,12.3027,12.0666,17882453.0,06823
2023-12-18,12.1584,12.1847,12.3027,12.106,6201316.0,06823
2023-12-19,12.1191,11.9486,12.1978,11.883,8236348.0,06823
2023-12-20,12.0666,11.8437,12.0666,11.8043,5781160.0,06823
2023-12-21,11.8043,11.8961,11.9879,11.8043,8710379.0,06823
2023-12-22,12.0142,12.001,12.0142,11.9224,6474238.0,06823
2023-12-27,11.9355,11.9486,12.0404,11.9092,2474590.0,06823
2023-12-28,12.0273,12.0929,12.1716,12.0142,3154764.0,06823
2023-12-29,12.106,12.224,12.224,12.0797,5633350.0,06823
2024-01-02,12.2634,12.1584,12.2634,12.0404,3106238.0,06823
2024-01-03,12.1584,12.2502,12.2634,12.0797,3367313.0,06823
2024-01-04,12.1978,12.224,12.2634,12.1453,3994008.0,06823
2024-01-05,12.1716,12.1584,12.224,12.1322,3359083.0,06823
2024-01-08,12.2109,12.2502,12.2634,12.1584,4567517.0,06823
2024-01-09,12.2503,12.2634,12.3945,12.2371,4129638.0,06823
2024-01-10,12.2765,12.0929,12.2765,12.0404,5082967.0,06823
2024-01-11,12.0404,12.3027,12.3814,12.0404,5401069.0,06823
2024-01-12,12.1978,12.3683,12.3814,12.1978,3356864.0,06823
2024-01-15,12.3552,12.3552,12.3552,12.3552,0.0,06823
2024-01-16,12.4601,12.4601,12.5781,12.3158,4511996.0,06823
2024-01-17,12.4601,12.4339,12.5257,12.3158,11788760.0,06823
2024-01-18,12.4339,12.4995,12.4995,12.3158,5393428.0,06823
2024-01-19,12.565,12.5257,12.6568,12.447,9546592.0,06823
2024-01-22,12.6175,11.8961,12.6175,11.8568,11020426.0,06823
2024-01-23,11.8961,12.1847,12.2503,11.8174,6031753.0,06823
2024-01-24,12.1847,12.3158,12.3289,12.0666,5605373.0,06823
2024-01-25,12.3289,12.3945,12.4732,12.3158,6298927.0,06823
2024-01-26,12.3421,12.447,12.447,12.3027,3666556.0,06823
2024-01-29,12.3945,12.3158,12.5388,12.3158,6443640.0,06823
2024-01-30,12.3289,12.4863,12.4863,12.1978,8520774.0,06823
2024-01-31,12.4863,12.3158,12.4863,12.1322,7495308.0,06823
2024-02-01,12.1453,12.4208,12.4208,12.1453,3385241.0,06823
2024-02-02,12.3814,12.3945,12.447,12.2896,2846764.0,06823
2024-02-05,12.2765,12.1716,12.3158,12.0535,4385753.0,06823
2024-02-06,12.1453,12.1322,12.1978,12.0929,4814621.0,06823
2024-02-07,12.1322,12.1191,12.1847,12.0929,5147924.0,06823
2024-02-08,12.106,12.1978,12.2634,12.106,2644385.0,06823
2024-02-09,12.2109,12.2109,12.2109,12.2109,0.0,06823
2024-02-14,12.2765,12.1978,12.2765,12.0797,2152456.0,06823
2024-02-15,12.1453,12.0797,12.2371,12.0535,4927820.0,06823
2024-02-16,12.0929,11.9748,12.1716,11.9748,5697512.0,06823
2024-02-19,12.0404,11.9748,12.0797,11.9355,4615346.0,06823
2024-02-20,11.9486,12.0929,12.106,11.9092,5614465.0,06823
2024-02-21,12.0929,12.0535,12.2634,12.0535,8155985.0,06823
2024-02-22,12.106,11.9748,12.106,11.9355,8047425.0,06823
2024-02-23,12.1322,12.3683,12.3945,12.001,17327712.0,06823
2024-02-26,12.3814,12.447,12.4601,12.3683,8597499.0,06823
2024-02-27,12.4601,12.4732,12.5257,12.4076,6962053.0,06823
2024-02-28,12.4601,12.447,12.565,12.3945,5118061.0,06823
2024-02-29,12.3683,12.5257,12.5257,12.3683,12760677.0,06823
2024-03-01,12.447,12.3421,12.447,12.1191,9968059.0,06823
2024-03-04,12.4076,12.2896,12.4208,12.224,6640631.0,06823
2024-03-05,12.2896,12.1978,12.3945,12.1847,3420920.0,06823
2024-03-06,12.1453,12.2502,12.3158,12.1322,5150203.0,06823
2024-03-07,12.3552,12.2109,12.3814,12.1978,4101906.0,06823
2024-03-08,12.2109,12.224,12.2896,12.1453,4545362.0,06823
2024-03-11,12.224,12.1716,12.3421,12.1716,4653622.0,06823
2024-03-12,12.1453,12.0797,12.1978,12.0535,8424557.0,06823
2024-03-13,12.0797,12.0666,12.1453,12.0273,5038591.0,06823
2024-03-14,12.0666,12.0404,12.0797,12.0273,3416275.0,06823
2024-03-15,12.0273,11.9355,12.0404,11.8174,14128349.0,06823
2024-03-18,11.9879,11.9355,11.9879,11.8568,2625801.0,06823
2024-03-19,11.883,11.8699,11.9617,11.8043,8222605.0,06823
2024-03-20,11.8699,11.9617,12.0273,11.8568,3691502.0,06823
2024-03-21,11.9879,12.1322,12.1322,11.9748,5964563.0,06823
2024-03-22,12.1322,12.0273,12.1322,11.9486,7022706.0,06823
2024-03-25,12.0273,11.8699,12.0535,11.8305,6261002.0,06823
2024-03-26,11.8043,11.9224,11.9486,11.8043,5921850.0,06823
2024-03-27,11.8305,11.9355,12.001,11.8174,8082798.0,06823
2024-03-28,11.8699,11.9748,11.9748,11.8699,2870025.0,06823
2024-04-02,11.9617,11.9092,11.9617,11.8043,5213081.0,06823
2024-04-03,11.8437,11.8568,11.883,11.8174,4377583.0,06823
2024-04-05,11.8568,11.6994,11.8568,11.6731,8008323.0,06823
2024-04-08,11.6994,11.542,11.7256,11.542,10150753.0,06823
2024-04-09,11.5813,11.8568,11.883,11.5682,4991476.0,06823
2024-04-10,11.8568,11.8305,11.9092,11.8043,3298516.0,06823
2024-04-11,11.765,11.8305,11.8699,11.6731,5590658.0,06823
2024-04-12,11.7781,11.8043,11.8568,11.7518,4696606.0,06823
2024-04-15,11.7256,11.6731,11.7518,11.6207,5993513.0,06823
2024-04-16,11.6731,11.5813,11.6863,11.542,5674934.0,06823
2024-04-17,11.5945,11.7256,11.7387,11.542,5009170.0,06823
2024-04-18,11.6863,11.542,11.7125,11.542,5449151.0,06823
2024-04-19,11.542,11.3846,11.6731,11.2797,10450398.0,06823
2024-04-22,11.4371,11.4371,11.5289,11.4108,3939265.0,06823
2024-04-23,11.4371,11.5026,11.6076,11.4239,4835569.0,06823
2024-04-24,11.542,11.66,11.6732,11.4502,5117919.0,06823
2024-04-25,11.6469,11.5945,11.7125,11.5551,5587820.0,06823
2024-04-26,11.542,11.6731,11.6731,11.542,4794203.0,06823
2024-04-29,11.6731,11.3321,11.6994,11.2797,15431402.0,06823
2024-04-30,11.3846,11.3584,11.5026,11.3584,6388019.0,06823
2024-05-02,11.3584,11.4371,11.4764,11.2928,7523450.0,06823
2024-05-03,11.4371,11.4764,11.542,11.3584,7754233.0,06823
2024-05-06,11.5026,11.5551,11.66,11.5026,4598735.0,06823
2024-05-07,11.542,11.8437,11.8699,11.542,10523841.0,06823
2024-05-08,11.883,11.6338,11.8961,11.5682,11713997.0,06823
2024-05-09,11.542,11.6338,11.6994,11.542,4275978.0,06823
2024-05-10,11.6731,11.8043,11.883,11.6338,8793212.0,06823
2024-05-13,11.8305,11.9486,12.0273,11.8043,9252532.0,06823
2024-05-14,11.9486,11.9879,12.0142,11.9355,7619563.0,06823
2024-05-16,12.0142,11.9879,12.0273,11.883,9356810.0,06823
2024-05-17,12.0142,11.9355,12.1191,11.9355,9398625.0,06823
2024-05-20,11.9355,12.001,12.0273,11.9355,9336686.0,06823
2024-05-21,11.9486,11.9486,11.9879,11.8699,8324061.0,06823
2024-05-22,11.9486,11.9879,12.001,11.9224,3788699.0,06823
2024-05-23,11.9617,11.9617,12.001,11.9092,3775492.0,06823
2024-05-24,11.9617,11.9486,11.9879,11.9092,7524120.0,06823
2024-05-27,11.9486,12.0666,12.106,11.9355,4486039.0,06823
2024-05-28,12.0929,12.1584,12.1978,12.0797,7377025.0,06823
2024-05-29,12.1847,12.0797,12.2503,11.8043,8802564.0,06823
2024-05-30,12.0666,12.0666,12.1453,12.0273,7573570.0,06823
2024-05-31,12.0666,11.9224,12.1322,11.9092,25771441.0,06823
2024-06-03,11.9974,11.8319,12.0801,11.8319,16502715.0,06823
2024-06-04,11.8319,11.8181,11.9284,11.694,9190007.0,06823
2024-06-05,11.8181,11.8733,11.887,11.7216,7329835.0,06823
2024-06-06,11.887,11.9836,12.1766,11.887,9704923.0,06823
2024-06-07,12.0112,12.0939,12.1353,11.9974,4749951.0,06823
2024-06-11,12.0525,11.8733,12.1491,11.8043,7385520.0,06823
2024-06-12,11.8457,11.9008,12.0249,11.7767,5744371.0,06823
2024-06-13,12.0249,12.0939,12.0939,11.9698,4260957.0,06823
2024-06-14,12.0939,12.0387,12.2732,11.9974,4527791.0,06823
2024-06-17,12.0387,11.9698,12.1628,11.9422,3610844.0,06823
2024-06-18,11.9698,11.9422,12.0939,11.9284,4136087.0,06823
2024-06-19,11.9422,11.956,12.0112,11.9008,3465034.0,06823
2024-06-20,11.9974,11.9974,12.0525,11.9422,3534549.0,06823
2024-06-21,11.9974,12.1215,12.1215,11.9422,13536184.0,06823
2024-06-24,12.0525,12.0663,12.0939,11.9698,7818773.0,06823
2024-06-25,12.0525,12.1215,12.1215,11.9974,4510950.0,06823
2024-06-26,12.1629,12.025,12.1766,11.9698,8087513.0,06823
2024-06-27,12.0112,12.0387,12.0387,11.956,7589403.0,06823
2024-06-28,12.0387,12.0801,12.1628,11.9974,10418121.0,06823
2024-07-02,12.1353,12.3008,12.4111,12.1215,10506848.0,06823
2024-07-03,12.287,12.3835,12.4249,12.287,5273549.0,06823
2024-07-04,12.3697,12.3559,12.3973,12.2732,2352647.0,06823
2024-07-05,12.3559,12.3697,12.3973,12.287,2172126.0,06823
2024-07-08,12.3973,12.3008,12.4111,12.3008,5899271.0,06823
2024-07-09,12.3008,12.3283,12.3697,12.2456,4289316.0,06823
2024-07-10,12.2732,12.4111,12.4111,12.2456,5280081.0,06823
2024-07-11,12.4938,12.5352,12.5903,12.4249,7091222.0,06823
2024-07-12,12.5628,12.742,12.7696,12.5214,9345334.0,06823
2024-07-15,12.7696,12.7145,12.7972,12.6731,5390446.0,06823
2024-07-16,12.7145,12.7558,12.7696,12.6593,3809500.0,06823
2024-07-17,12.7558,12.7972,12.8386,12.742,6973722.0,06823
2024-07-18,12.7834,12.7696,12.8248,12.7558,3586301.0,06823
2024-07-19,12.7558,12.7145,12.8248,12.6731,2434660.0,06823
2024-07-22,12.7145,12.6317,12.7558,12.4387,4976084.0,06823
2024-07-23,12.6317,12.7834,12.7972,12.5628,6460848.0,06823
2024-07-24,12.8248,12.6869,12.8248,12.6869,3328103.0,06823
2024-07-25,12.6869,12.7007,12.8248,12.6869,3381725.0,06823
2024-07-26,12.7834,13.073,13.1144,12.7696,14403578.0,06823
2024-07-29,13.1006,13.0454,13.2247,13.0454,4273043.0,06823
2024-07-30,13.0316,13.0592,13.1557,12.8937,6051914.0,06823
2024-07-31,13.1006,13.0454,13.1833,13.0316,6250836.0,06823
2024-08-01,13.0316,13.5556,13.597,12.9627,20943462.0,06823
2024-08-02,13.5419,13.7763,13.8452,13.4591,16795779.0,06823
2024-08-05,13.7625,13.6246,13.9556,13.4867,19775260.0,06823
2024-08-06,13.6246,13.6522,13.7625,13.5281,13392864.0,06823
2024-08-07,13.6522,13.928,13.928,13.6522,16250580.0,06823
2024-08-08,13.8452,13.7073,13.8452,13.6522,10321329.0,06823
2024-08-09,13.7632,13.7062,13.8203,13.5208,8078553.0,06823
2024-08-12,13.6919,13.7347,13.9201,13.6206,8515832.0,06823
2024-08-13,13.749,13.8488,13.8773,13.749,6592316.0,06823
2024-08-14,13.8346,13.8203,13.8346,13.6919,7988485.0,06823
2024-08-15,13.8203,13.8346,13.8631,13.6919,11360465.0,06823
2024-08-16,13.8346,13.8631,13.9059,13.7632,4902671.0,06823
2024-08-19,13.9201,14.1341,14.1341,13.9201,6427778.0,06823
2024-08-20,14.1341,14.3765,14.4051,14.0913,15918249.0,06823
2024-08-21,14.3195,14.1198,14.3195,14.02,7458085.0,06823
2024-08-22,14.1769,14.1911,14.2054,14.0057,2606981.0,06823
2024-08-23,14.1626,14.2482,14.2482,14.0485,5495614.0,06823
2024-08-26,14.2624,14.2482,14.4051,14.2339,6981153.0,06823
2024-08-27,14.2482,14.2624,14.3765,14.1911,7999517.0,06823
2024-08-28,14.2624,14.3765,14.3765,14.2339,12152710.0,06823
2024-08-29,14.4051,14.348,14.4051,14.2339,10959964.0,06823
2024-08-30,14.348,14.1341,14.3765,14.1341,12839334.0,06823
2024-09-02,14.1626,14.291,14.291,14.1341,8371231.0,06823
2024-09-03,14.291,14.2054,14.291,14.1198,4158574.0,06823
2024-09-04,14.2054,14.4621,14.4621,14.1341,9740592.0,06823
2024-09-05,14.4336,14.348,14.4336,14.2196,6046481.0,06823
2024-09-09,14.3765,14.291,14.4621,14.2054,7435964.0,06823
2024-09-10,14.291,14.2196,14.3195,13.9772,10970423.0,06823
2024-09-11,14.2054,14.1341,14.2482,14.077,10463401.0,06823
2024-09-12,14.1198,14.2482,14.2482,13.9772,8291965.0,06823
2024-09-13,14.3195,14.348,14.348,14.2482,5867551.0,06823
2024-09-16,14.348,14.4336,14.4336,14.2624,3089725.0,06823
2024-09-17,14.4336,14.5192,14.6618,14.348,11483495.0,06823
2024-09-19,14.5477,14.947,14.9756,14.5192,24019766.0,06823
2024-09-20,14.947,14.5477,14.947,14.4051,17547599.0,06823
2024-09-23,14.5477,14.6333,14.6618,14.5477,5130812.0,06823
2024-09-24,14.8615,14.8044,14.947,14.7188,8510824.0,06823
2024-09-25,14.8329,14.8044,14.9185,14.6903,5771989.0,06823
2024-09-26,14.7759,14.6047,14.89,14.4906,15828985.0,06823
2024-09-27,14.5192,14.348,14.5477,14.1626,25889281.0,06823
2024-09-30,14.2196,14.1911,14.3765,14.1483,17147392.0,06823
2024-10-02,14.3195,14.3765,14.5192,14.1911,15549810.0,06823
2024-10-03,14.4621,14.1483,14.4621,14.0913,15871188.0,06823
2024-10-04,14.1341,14.1483,14.2339,14.0057,12511580.0,06823
2024-10-07,14.2339,14.4621,14.4906,14.1483,16097446.0,06823
2024-10-08,14.4621,14.1341,14.5477,14.1341,13265390.0,06823
2024-10-09,14.1769,14.1198,14.1769,14.0057,9137044.0,06823
2024-10-10,14.02,14.1769,14.2196,14.02,5361331.0,06823
2024-10-14,14.1769,14.2196,14.348,14.1198,5776540.0,06823
2024-10-15,14.1911,14.0342,14.291,14.0342,7099697.0,06823
2024-10-16,14.0342,13.9487,14.1341,13.9487,10482438.0,06823
2024-10-17,13.9772,13.9487,14.0628,13.9059,9905851.0,06823
2024-10-18,14.0485,13.9914,14.0485,13.9487,5174657.0,06823
2024-10-21,14.0628,14.1055,14.1626,13.9344,7440811.0,06823
2024-10-22,14.1055,14.0342,14.1626,14.0342,4703205.0,06823
2024-10-23,14.0485,13.9772,14.1198,13.9629,4565536.0,06823
2024-10-24,14.0057,13.9629,14.0485,13.9487,2614131.0,06823
2024-10-25,13.9629,13.8916,14.0342,13.8773,4907411.0,06823
2024-10-28,13.8916,13.8916,14.0057,13.8488,3853575.0,06823
2024-10-29,13.9772,13.8346,13.9772,13.8346,3875961.0,06823
2024-10-30,13.806,13.8346,13.9772,13.7632,6847589.0,06823
2024-10-31,13.8346,13.7775,13.8346,13.7062,5293853.0,06823
2024-11-01,13.7775,13.806,13.8631,13.7775,2792192.0,06823
2024-11-04,13.806,13.806,13.8346,13.7347,2787130.0,06823
2024-11-05,13.749,13.9629,13.9629,13.7347,6212207.0,06823
2024-11-06,13.9914,13.7918,14.0342,13.7632,3441452.0,06823
2024-11-07,13.806,13.9201,13.9487,13.749,7876037.0,06823
2024-11-08,14.0057,13.749,14.0057,13.7062,6092214.0,06823
2024-11-11,13.6919,13.9201,13.9629,13.6919,4957866.0,06823
2024-11-12,13.9201,14.1483,14.1626,13.8916,8528687.0,06823
2024-11-13,14.1483,13.8631,14.1483,13.7775,5234959.0,06823
2024-11-14,13.8631,13.8488,13.8916,13.7062,6151689.0,06823
2024-11-15,13.8346,13.7062,13.9059,13.7062,7252859.0,06823
2024-11-18,13.806,13.806,13.8488,13.749,3972524.0,06823
2024-11-19,13.8346,13.5778,13.8346,13.5208,11029185.0,06823
2024-11-20,13.6491,13.4637,13.6777,13.4067,12580341.0,06823
2024-11-21,13.478,13.5208,13.5493,13.4637,5642378.0,06823
2024-11-22,13.5493,13.478,13.5778,13.4352,3649598.0,06823
2024-11-25,13.5636,13.3924,13.6064,13.3924,14019396.0,06823
2024-11-26,13.3924,13.478,13.5493,13.3924,4635700.0,06823
2024-11-27,13.4352,13.6064,13.6064,13.4352,2457305.0,06823
2024-11-28,13.6064,13.5493,13.6349,13.5493,1557443.0,06823
2024-11-29,13.5493,13.7918,13.8346,13.5493,6962421.0,06823
2024-12-02,13.7918,13.7632,13.9629,13.6777,4548705.0,06823
2024-12-03,13.6919,13.8203,13.8631,13.6919,7340475.0,06823
2024-12-04,13.7347,13.7347,13.7918,13.6777,7071067.0,06823
2024-12-05,13.7347,13.7632,13.7632,13.6919,2907790.0,06823
2024-12-06,13.7205,13.7632,13.8203,13.7062,3820496.0,06823
2024-12-09,13.806,13.8346,13.8346,13.7205,3013366.0,06823
2024-12-10,13.9059,13.7205,13.9344,13.7205,5646130.0,06823
2024-12-11,13.7632,13.7062,13.7775,13.6919,5897320.0,06823
2024-12-12,13.7347,13.6919,13.7632,13.6777,7109943.0,06823
2024-12-13,13.7062,13.7347,13.7632,13.5921,5477034.0,06823
2024-12-16,13.8346,13.6777,13.8346,13.6634,4327040.0,06823
2024-12-17,13.6634,13.5065,13.749,13.5065,7425611.0,06823
2024-12-18,13.5921,13.6634,13.7062,13.5778,5817907.0,06823
2024-12-19,13.6206,13.5778,13.6634,13.5493,4700030.0,06823
2024-12-20,13.5778,13.4067,13.6349,13.4067,16816979.0,06823
2024-12-23,13.4209,13.4352,13.5493,13.4209,4745832.0,06823
2024-12-24,13.4923,13.4923,13.4923,13.4923,0.0,06823
2024-12-27,13.4923,13.6206,13.6206,13.4495,6047418.0,06823
2024-12-30,13.6349,13.5921,13.6919,13.5636,3003965.0,06823
2024-12-31,13.7205,13.7205,13.7205,13.7205,0.0,06823
2025-01-02,13.6349,13.6634,13.6919,13.5778,2244954.0,06823
2025-01-03,13.6634,13.7062,13.7347,13.6491,2823138.0,06823
2025-01-06,13.7062,13.806,13.806,13.6634,3404728.0,06823
2025-01-07,13.7205,13.6491,13.806,13.6491,3476108.0,06823
2025-01-08,13.7632,13.6064,13.7775,13.6064,5103857.0,06823
2025-01-09,13.5921,13.7062,13.749,13.5921,2225169.0,06823
2025-01-10,13.6919,13.6491,13.749,13.6349,2223167.0,06823
2025-01-13,13.6491,13.7062,13.7205,13.535,4723656.0,06823
2025-01-14,13.6206,13.7205,13.7632,13.6206,4198671.0,06823
2025-01-15,13.6777,13.6634,13.7347,13.6064,6755163.0,06823
2025-01-16,13.6634,13.749,13.7775,13.6491,6860327.0,06823
2025-01-17,13.806,13.7347,13.806,13.6919,3293502.0,06823
2025-01-20,13.7918,13.8346,13.8346,13.7205,4387561.0,06823
2025-01-21,13.8631,13.7775,13.8631,13.7632,3715035.0,06823
2025-01-22,13.8631,13.7205,13.8631,13.7205,3070417.0,06823
2025-01-23,13.7347,13.6634,13.8631,13.6491,4614794.0,06823
2025-01-24,13.7062,13.6777,13.7775,13.6634,3831660.0,06823
2025-01-27,13.6919,13.6919,13.749,13.6919,3204499.0,06823
2025-01-28,13.6777,13.6777,13.6777,13.6777,0.0,06823
2025-02-03,13.5636,13.7918,13.7918,13.5636,7078384.0,06823
2025-02-04,13.6919,13.6777,13.7918,13.6777,4005716.0,06823
2025-02-05,13.6777,13.6777,13.7918,13.6634,4002681.0,06823
2025-02-06,13.7205,13.8773,13.8916,13.7062,6763535.0,06823
2025-02-07,13.8916,13.7062,13.9059,13.6919,5350311.0,06823
2025-02-10,13.749,13.6777,13.7918,13.6777,7468451.0,06823
2025-02-11,13.6919,13.6919,13.749,13.6634,4950516.0,06823
2025-02-12,13.7632,13.9772,13.9772,13.6919,7905175.0,06823
2025-02-13,13.9772,13.8203,13.9772,13.7775,7388605.0,06823
2025-02-14,13.9344,13.9201,13.9344,13.7062,5030537.0,06823
2025-02-17,13.8773,13.8773,14.0485,13.7775,10165865.0,06823
2025-02-18,13.9772,13.9487,13.9772,13.8346,8706891.0,06823
2025-02-19,13.9629,13.9772,13.9914,13.8631,9086019.0,06823
2025-02-20,13.8631,13.8203,13.9487,13.806,8150605.0,06823
2025-02-21,13.9772,14.0342,14.0485,13.9059,15052683.0,06823
2025-02-24,14.0342,13.9629,14.1626,13.9344,14342029.0,06823
2025-02-25,13.9629,13.9487,14.0485,13.9487,9020532.0,06823
2025-02-26,13.9772,13.9772,14.1198,13.9059,14789798.0,06823
2025-02-27,13.9772,14.2054,14.2054,13.9772,10891029.0,06823
2025-02-28,14.1483,14.2196,14.2196,14.0628,15560398.0,06823
2025-03-03,14.2339,14.3765,14.4621,14.2339,10835385.0,06823
2025-03-04,14.3765,14.5477,14.5477,14.3765,12264080.0,06823
2025-03-05,14.5762,14.348,14.6047,14.348,12073019.0,06823
2025-03-06,14.4051,14.5477,14.5762,14.348,10095766.0,06823
2025-03-07,14.6047,14.4906,14.6333,14.4336,7834145.0,06823
2025-03-10,14.5477,14.5762,14.5762,14.4336,5539121.0,06823
2025-03-11,14.4051,14.6047,14.6333,14.4051,8369365.0,06823
2025-03-12,14.6047,14.6618,14.6903,14.4906,6548961.0,06823
2025-03-13,14.6333,14.5477,14.7188,14.4906,6965958.0,06823
2025-03-14,14.6333,14.5477,14.6333,14.5192,4716920.0,06823
2025-03-17,14.5477,14.6903,14.8329,14.5477,6333561.0,06823
2025-03-18,14.7188,14.5477,14.7188,14.4051,11293012.0,06823
2025-03-19,14.6047,14.5192,14.6047,14.4336,9224844.0,06823
2025-03-20,14.5477,14.4336,14.5477,14.2624,9187323.0,06823
2025-03-21,14.4621,14.6047,14.6047,14.3765,12393364.0,06823
2025-03-24,14.4906,14.5762,14.6047,14.4336,6042291.0,06823
2025-03-25,14.6047,14.6047,14.7188,14.5192,9090379.0,06823
2025-03-26,14.5477,14.5477,14.6618,14.4906,6213068.0,06823
2025-03-27,14.5192,14.5762,14.6903,14.5192,7858687.0,06823
2025-03-28,14.6903,14.6903,14.6903,14.5762,4700492.0,06823
2025-03-31,14.6333,14.8329,14.8329,14.5762,9524023.0,06823
2025-04-01,14.7759,15.0326,15.0326,14.7474,13668409.0,06823
2025-04-02,14.9756,14.9756,15.0611,14.8044,9036998.0,06823
2025-04-03,14.7759,15.1182,15.1182,14.7188,9672361.0,06823
2025-04-07,14.6333,14.947,14.947,14.4336,39152326.0,06823
2025-04-08,14.6903,14.8329,14.947,14.6333,13442097.0,06823
2025-04-09,14.8329,14.7759,14.8329,14.4336,16859327.0,06823
2025-04-10,14.9185,14.7759,14.9185,14.6618,11270368.0,06823
2025-04-11,14.7759,14.8329,14.9756,14.6903,12227719.0,06823
2025-04-14,14.8329,15.0897,15.1182,14.8044,7707379.0,06823
2025-04-15,15.0897,15.1182,15.1752,15.0326,9609081.0,06823
2025-04-16,15.0041,15.2323,15.2323,15.0041,6505257.0,06823
2025-04-17,15.2608,15.3179,15.3464,15.1182,7148075.0,06823
2025-04-22,15.3179,15.5175,15.5175,15.2038,7634718.0,06823
2025-04-23,15.5746,15.2893,15.6887,15.2893,8470045.0,06823
2025-04-24,15.2608,15.5175,15.5175,15.1752,4999434.0,06823
2025-04-25,15.5461,15.6031,15.6316,15.4034,6221558.0,06823
2025-04-28,15.6031,15.6887,15.8028,15.4034,6461504.0,06823
2025-04-29,15.6887,15.8313,15.8313,15.6887,11761209.0,06823
2025-04-30,15.8313,15.7457,15.8313,15.5461,14136934.0,06823
2025-05-02,15.6887,15.7172,15.8028,15.6031,6488551.0,06823
2025-05-06,15.8313,16.1166,16.1166,15.7172,11617795.0,06823
2025-05-07,16.2592,16.2592,16.3447,16.1736,10545732.0,06823
2025-05-08,16.2592,16.1451,16.2592,16.0595,5340792.0,06823
2025-05-09,16.2306,16.3162,16.3162,16.088,6748390.0,06823
2025-05-12,16.2592,16.1166,16.3162,16.0595,7785890.0,06823
2025-05-13,16.1451,16.2592,16.3447,16.1166,8292712.0,06823
2025-05-14,16.2306,16.3447,16.3733,16.1736,8212012.0,06823
2025-05-15,16.2592,16.2306,16.4018,16.1451,8526738.0,06823
2025-05-16,16.3162,16.4018,16.4018,16.1451,7775512.0,06823
2025-05-19,16.4891,16.4,16.4891,16.192,7907625.0,06823
2025-05-20,16.4891,16.4594,16.4891,16.3703,6175801.0,06823
2025-05-21,16.4594,16.5189,16.7565,16.4297,8721857.0,06823
2025-05-22,16.5486,16.5486,16.608,16.4891,5486939.0,06823
2025-05-23,16.608,16.7565,16.7565,16.5783,7355616.0,06823
2025-05-26,16.7862,16.7268,16.8754,16.6971,6136320.0,06823
2025-05-27,16.816,16.8754,16.9942,16.6971,8145329.0,06823
2025-05-28,16.7862,16.8754,16.9051,16.6971,8781891.0,06823
2025-05-29,16.8754,16.9942,16.9942,16.8457,9787966.0,06823
2025-05-30,16.9051,16.7862,17.0239,16.7268,19051013.0,06823
2025-06-02,16.7565,16.7862,16.7862,16.5486,10308375.0,06823
2025-06-03,16.816,17.1428,17.2319,16.7862,11269938.0,06823
2025-06-04,17.0833,16.9942,17.1428,16.9051,7723042.0,06823
2025-06-05,16.9942,16.9645,16.9942,16.8457,7607515.0,06823
2025-06-06,16.9645,17.0834,17.0834,16.9051,4635889.0,06823
2025-06-09,17.0239,16.9645,17.0833,16.8457,4157457.0,06823
2025-06-10,16.9645,16.7565,16.9645,16.6377,9725642.0,06823
2025-06-11,16.9051,16.7862,16.9051,16.7268,4074757.0,06823
2025-06-12,16.816,16.816,16.9051,16.7565,3815413.0,06823
2025-06-13,16.816,16.9051,16.9051,16.7862,3429788.0,06823
2025-06-16,16.9051,16.9645,17.2319,16.816,5618171.0,06823
2025-06-17,16.9645,16.9348,16.9645,16.8457,3160403.0,06823
2025-06-18,16.8457,16.816,16.9348,16.7268,4437336.0,06823
2025-06-19,16.816,16.7268,16.8754,16.6377,5924529.0,06823
2025-06-20,16.7268,16.6971,16.8457,16.5783,8734994.0,06823
2025-06-23,16.6971,16.9942,16.9942,16.6971,5764277.0,06823
2025-06-24,16.9645,17.2319,17.2319,16.9645,6786670.0,06823
2025-06-25,17.2319,17.1428,17.2913,17.1428,9330484.0,06823
2025-06-26,17.1725,17.2319,17.2319,17.1131,4514910.0,06823
2025-06-27,17.2319,17.3507,17.3507,17.1428,6580862.0,06823
2025-06-30,17.529,17.4102,17.529,17.3507,8978192.0,06823
2025-07-02,17.3805,17.529,17.5587,17.2913,5453049.0,06823
2025-07-03,17.4993,17.6776,17.6776,17.4399,4570935.0,06823
2025-07-04,17.6776,17.7667,17.7667,17.529,5969355.0,06823
2025-07-07,17.737,18.0638,18.0638,17.6478,7934247.0,06823
2025-07-08,17.9152,18.3609,18.5689,17.9152,18273077.0,06823
2025-07-09,18.3609,18.5986,18.7174,18.2718,14678478.0,06823
2025-07-10,18.5986,18.5391,18.7174,18.4797,6228251.0,06823
2025-07-11,18.5391,18.3015,18.5689,18.1529,10470905.0,06823
2025-07-14,18.2718,18.2718,18.3609,18.1232,9004574.0,06823
2025-07-15,18.3312,18.4203,18.5689,18.1826,6783257.0,06823
2025-07-16,18.5689,18.658,18.7174,18.4797,6692891.0,06823
2025-07-17,18.8362,18.7768,18.9551,18.658,7712443.0,06823
2025-07-18,18.8065,18.6283,18.8065,18.5986,4516071.0,06823
2025-07-21,18.6283,18.658,18.8065,18.5689,5110416.0,06823
2025-07-22,18.658,18.5986,18.7768,18.45,8820370.0,06823
2025-07-23,18.5986,18.4203,18.7471,18.3906,9233473.0,06823
2025-07-24,18.5094,18.2718,18.5094,18.1529,17143294.0,06823
2025-07-25,18.1826,18.2718,18.3906,18.1826,6530002.0,06823
2025-07-28,18.2718,18.2718,18.3906,18.1826,7968057.0,06823
2025-07-29,18.3312,18.3906,18.4203,18.3015,5564023.0,06823
2025-07-30,18.4797,18.5094,18.5391,18.3609,4842199.0,06823
2025-07-31,18.5094,18.3609,18.5094,18.3015,6298343.0,06823
2025-08-01,18.5391,18.8362,18.9551,18.4797,14206875.0,06823
2025-08-04,18.8363,18.866,18.9254,18.4797,9545594.0,06823
2025-08-05,18.7471,19.0739,19.2373,18.7471,10231588.0,06823
2025-08-06,19.1036,18.9848,19.2373,18.9551,7174597.0,06823
2025-08-07,19.0888,19.2076,19.2225,19.0591,4838438.0,06823
2025-08-08,19.2076,19.1185,19.2373,19.0442,6611532.0,06823
2025-08-11,19.1185,19.0888,19.2225,19.0591,5649214.0,06823
2025-08-12,19.1036,18.9848,19.1036,18.9105,8706625.0,06823
2025-08-13,19.0145,19.1334,19.1334,18.9848,6847933.0,06823
2025-08-14,19.2225,19.0591,19.2225,18.9699,6607437.0,06823
2025-08-15,19.2239,18.7051,19.2239,18.5831,13177968.0,06823
2025-08-18,18.7051,18.461,18.8882,18.461,8517357.0,06823
2025-08-19,18.3847,18.4305,18.5831,18.2321,11982880.0,06823
2025-08-20,18.461,18.3237,18.461,18.2779,8218255.0,06823
2025-08-21,18.3084,18.3389,18.4152,18.2932,5300129.0,06823
2025-08-22,18.3695,18.3695,18.4152,18.1711,8961403.0,06823
2025-08-25,18.3847,18.1559,18.522,18.1253,11312233.0,06823
2025-08-26,18.0796,17.7897,18.1253,17.7439,23383441.0,06823
2025-08-27,17.7592,17.9728,18.1101,17.7439,10075088.0,06823
2025-08-28,18.0033,18.1406,18.1406,18.0033,5528825.0,06823
2025-08-29,18.2016,18.0033,18.2627,18.0033,7892807.0,06823
2025-09-01,18.1253,18.0033,18.1253,17.9117,3604125.0,06823
2025-09-02,18.0033,17.9117,18.0643,17.866,3860720.0,06823
2025-09-03,17.9117,17.8965,17.988,17.8507,3517072.0,06823
2025-09-04,17.7897,17.8049,17.8507,17.7134,4069160.0,06823
2025-09-05,17.7897,17.7744,17.8355,17.6829,7448483.0,06823
2025-09-08,17.7744,17.6676,17.7744,17.6219,7847808.0,06823
2025-09-09,17.6676,17.6981,17.7744,17.6371,5693731.0,06823
2025-09-10,17.8507,18.0033,18.0491,17.7439,7709625.0,06823
2025-09-11,18.0185,18.1559,18.2474,17.9117,11002178.0,06823
2025-09-12,18.1253,18.0643,18.1559,17.9728,4231801.0,06823
2025-09-15,18.0033,17.8965,18.0643,17.8507,4042039.0,06823
2025-09-16,18.0033,17.9575,18.0948,17.8202,7752891.0,06823
2025-09-17,17.9575,17.927,18.0033,17.8202,9356097.0,06823
2025-09-18,17.927,17.866,17.988,17.6982,10129812.0,06823
2025-09-19,17.866,17.5914,17.8812,17.5914,15499318.0,06823
2025-09-22,17.6676,17.4235,17.6981,17.3625,15052064.0,06823
2025-09-23,17.4235,17.5608,17.6676,17.3625,8888101.0,06823
2025-09-24,17.6981,17.4235,17.6981,17.4235,6768883.0,06823
2025-09-25,17.454,17.271,17.4998,17.2404,6580671.0,06823
2025-09-26,17.2404,17.3472,17.4388,17.2404,4800642.0,06823
2025-09-29,17.3472,17.3625,17.5456,17.271,4075680.0,06823
2025-09-30,17.3167,17.5761,17.5761,17.3167,6288525.0,06823
2025-10-02,17.5151,17.6371,17.7439,17.4388,6487450.0,06823
2025-10-03,17.6982,17.988,17.988,17.6371,6712234.0,06823
2025-10-06,18.0033,17.7897,18.0033,17.6981,4533043.0,06823
2025-10-08,17.6981,17.7287,17.7897,17.5456,5173422.0,06823
2025-10-09,17.8507,17.9575,17.9728,17.6676,5789310.0,06823
2025-10-10,17.8049,18.0185,18.0338,17.7897,4654310.0,06823
2025-10-13,17.6982,17.8812,17.9728,17.5761,6108793.0,06823
2025-10-14,17.8507,17.8507,18.0796,17.8355,4219072.0,06823
2025-10-15,17.866,17.8202,17.988,17.8202,5569102.0,06823
2025-10-16,17.6371,17.0421,17.8507,16.6302,50433445.0,06823
2025-10-17,16.9963,17.3015,17.3625,16.798,17246520.0,06823
2025-10-20,17.3015,17.3625,17.4388,17.1947,10537923.0,06823
2025-10-21,17.4388,17.2557,17.4388,17.2099,9048695.0,06823
2025-10-22,17.3167,17.1642,17.3167,17.0879,9002367.0,06823
2025-10-23,17.1642,17.1947,17.3015,17.0879,4965299.0,06823
2025-10-24,17.3015,17.3625,17.393,17.1489,6504167.0,06823
2025-10-27,17.4083,17.3625,17.4083,17.2862,4912757.0,06823
2025-10-28,17.4235,17.4388,17.454,17.3778,9139695.0,06823
2025-10-30,17.4998,17.4388,17.5151,17.3625,7114857.0,06823
2025-10-31,17.4083,17.2862,17.4998,17.2862,9652969.0,06823
2025-11-03,17.4388,17.4998,17.4998,17.3167,5513329.0,06823
2025-11-04,17.4846,17.5151,17.5303,17.4235,3901951.0,06823
2025-11-05,17.7744,17.6981,17.7744,17.4998,6064627.0,06823
2025-11-06,17.5456,17.6371,17.6829,17.5456,2735418.0,06823
2025-11-07,17.6219,17.6981,17.7592,17.5761,4491981.0,06823
2025-11-10,17.7744,18.0491,18.0796,17.7744,7925393.0,06823
2025-11-11,18.0491,18.1559,18.1711,17.9423,5536239.0,06823
2025-11-12,18.1559,18.3389,18.4152,18.0948,8635465.0,06823
2025-11-13,18.2932,18.2474,18.3084,18.0185,5511362.0,06823
2025-11-14,18.2474,18.2321,18.3084,18.0796,5133901.0,06823
2025-11-17,18.1253,18.2627,18.2627,18.0948,3992446.0,06823
2025-11-18,18.2627,17.988,18.2779,17.6982,9320131.0,06823
2025-11-19,17.988,18.0033,18.1406,17.7744,5497466.0,06823
2025-11-20,18.0033,17.8965,18.0185,17.8049,4738680.0,06823
2025-11-21,17.8507,17.8507,17.9423,17.6982,7529498.0,06823
2025-11-24,17.8507,17.8812,17.9728,17.7897,13640741.0,06823
2025-11-25,17.9728,17.8507,18.1406,17.8507,7214429.0,06823
2025-11-26,17.866,18.0796,18.0796,17.866,4891353.0,06823
2025-11-27,18.0796,18.0338,18.1864,18.0338,3016513.0,06823
2025-11-28,18.1559,18.1559,18.1559,18.0491,3558332.0,06823
2025-12-01,18.1559,18.2016,18.2627,18.0796,3341429.0,06823
2025-12-02,18.2627,18.1559,18.2627,18.1406,4969655.0,06823
2025-12-03,18.2474,18.0948,18.2474,17.988,6587247.0,06823
2025-12-04,18.2474,18.0033,18.2474,18.0033,6161364.0,06823
2025-12-05,18.0033,17.8812,18.0033,17.8507,7055478.0,06823
2025-12-08,18.0033,17.988,18.1101,17.8812,3168158.0,06823
2025-12-09,18.0033,18.0033,18.1406,17.927,4683784.0,06823
2025-12-10,18.0033,17.8965,18.1253,17.7744,8382718.0,06823
2025-12-11,18.0338,17.927,18.0338,17.8202,4061414.0,06823
2025-12-12,17.988,18.0796,18.0796,17.8355,4156211.0,06823
2025-12-15,18.0643,17.9728,18.0643,17.866,3285664.0,06823
2025-12-16,18.0948,18.0033,18.0948,17.927,6383814.0,06823
2025-12-17,17.9423,17.8507,18.0643,17.8507,4149484.0,06823
2025-12-18,17.8507,17.7897,17.9117,17.7897,3795992.0,06823
2025-12-19,17.988,18.0796,18.0796,17.927,7664666.0,06823
2025-12-22,18.0185,17.8355,18.0643,17.8202,7670430.0,06823
2025-12-23,17.9117,18.0185,18.0185,17.866,3450494.0,06823
2025-12-24,18.0185,18.0185,18.0185,18.0185,0.0,06823
2025-12-29,17.8812,17.6981,18.0185,17.6981,7661785.0,06823
2025-12-30,17.6982,17.5456,17.7592,17.5456,6473737.0,06823
2025-12-31,17.5608,17.5608,17.5608,17.5608,0.0,06823
2026-01-02,17.5608,17.7592,17.7592,17.4846,3566717.0,06823
2026-01-05,17.7592,17.6219,17.8507,17.5303,6984577.0,06823
2026-01-06,17.7744,17.7439,17.7744,17.5456,4900728.0,06823
2026-01-07,17.6982,17.927,17.927,17.5914,5481653.0,06823
2026-01-08,17.988,17.927,17.988,17.8507,3306897.0,06823
2026-01-09,17.866,17.9117,17.9575,17.7134,5111183.0,06823
2026-01-12,17.927,17.8507,17.927,17.8049,4374072.0,06823
2026-01-13,17.8355,17.8049,17.8812,17.7744,5251283.0,06823
2026-01-14,17.7744,17.8049,17.8507,17.7134,7872241.0,06823
2026-01-15,17.8049,17.7287,17.8355,17.7134,5415203.0,06823
2026-01-16,17.7439,17.6829,17.8202,17.6524,4508748.0,06823
2026-01-19,17.6829,17.5761,17.7134,17.5456,2790125.0,06823
2026-01-20,17.5761,17.5914,17.6066,17.5151,7379664.0,06823
2026-01-21,17.4998,17.5303,17.5456,17.4693,7932118.0,06823
2026-01-22,17.5303,17.4846,17.5456,17.4693,5128254.0,06823
2026-01-23,17.4846,17.4693,17.5608,17.4693,6221190.0,06823
2026-01-26,17.5151,17.5303,17.6219,17.4846,9733746.0,06823
2026-01-27,17.6066,17.6981,17.7287,17.5608,8209866.0,06823
2026-01-28,17.6219,17.7592,17.8202,17.6219,8305021.0,06823
2026-01-29,17.7439,17.8355,17.9575,17.7439,7674722.0,06823
2026-01-30,17.8507,17.8507,17.9728,17.8202,9344037.0,06823
2026-02-02,17.8507,17.7592,17.8812,17.6371,10939313.0,06823
2026-02-03,17.7592,17.866,17.9117,17.7287,9898790.0,06823
2026-02-04,17.7897,17.9117,18.0796,17.7592,11012824.0,06823
2026-02-05,17.866,17.9728,18.0338,17.7897,10657916.0,06823
2026-02-06,17.9423,18.1101,18.1253,17.9423,9342973.0,06823
2026-02-09,18.1253,18.1406,18.2321,18.0338,15288100.0,06823
2026-02-10,18.2932,18.3084,18.4305,18.2169,17751419.0,06823
2026-02-11,18.3237,18.4152,18.461,18.3084,9284748.0,06823
2026-02-12,18.4457,18.4763,18.522,18.4152,9671706.0,06823
2026-02-13,18.4305,18.3389,18.4763,18.2169,10113485.0,06823
2026-02-16,18.5068,18.5068,18.5068,18.5068,0.0,06823
2026-02-20,18.5983,18.5373,18.5983,18.4457,12409646.0,06823
2026-02-23,18.5831,18.5831,18.6441,18.5373,6125160.0,06823
2026-02-24,18.5831,18.7204,18.8424,18.4915,11172519.0,06823
2026-02-25,18.7661,18.6746,18.8272,18.5678,7661154.0,06823
2026-02-26,18.7204,18.6136,18.7814,18.5525,16009304.0,06823
2026-02-27,18.7661,18.8272,18.8272,18.5831,14153779.0,06823
2026-03-02,18.7661,18.8729,18.9187,18.6288,13171621.0,06823
2026-03-03,18.9035,18.9187,19.056,18.8424,9870859.0,06823
2026-03-04,18.7356,18.7051,18.995,18.5373,13815436.0,06823
2026-03-05,18.7204,18.7509,18.8729,18.7204,6869131.0,06823
2026-03-06,18.6136,18.6136,18.7356,18.6136,10596855.0,06823
2026-03-09,18.6136,18.5983,18.7509,18.4152,8495787.0,06823
2026-03-10,18.5983,18.5831,18.6593,18.4,10192020.0,06823
2026-03-11,18.6136,18.5983,18.7661,18.5831,10208197.0,06823
2026-03-12,18.6136,18.7967,19.0255,18.6136,10628658.0,06823
2026-03-13,18.7967,18.8577,18.9645,18.7967,9031953.0,06823
2026-03-16,18.7661,18.995,19.0103,18.7509,8835712.0,06823
2026-03-17,18.995,18.8882,19.0408,18.8882,6808483.0,06823
2026-03-18,18.995,18.7661,19.0103,18.7661,6523732.0,06823
2026-03-19,18.7814,18.6899,18.8577,18.6593,8123303.0,06823
2026-03-20,18.6288,18.5525,18.7356,18.461,15307109.0,06823
2026-03-23,18.3237,18.3389,18.4152,18.1559,21267362.0,06823
2026-03-24,18.6593,18.6899,18.8119,18.5831,12160193.0,06823
2026-03-25,18.6899,18.461,18.7661,18.461,12961592.0,06823
2026-03-26,18.4763,18.522,18.6746,18.461,4738595.0,06823
2026-03-27,18.4457,18.4763,18.5831,18.3084,7390465.0,06823
2026-03-30,18.4,18.461,18.6288,18.1711,16308027.0,06823
2026-03-31,18.5983,18.6441,18.6593,18.4305,8360161.0,06823
2026-04-01,18.7509,18.7509,18.8272,18.6593,7062166.0,06823
2026-04-02,18.7661,18.7509,18.8272,18.6136,6078599.0,06823
2026-04-08,18.7509,18.6441,18.7967,18.5678,10714714.0,06823
2026-04-09,18.6441,18.7967,18.7967,18.5831,6595611.0,06823
2026-04-10,18.8272,18.8272,18.8882,18.7051,6089493.0,06823
2026-04-13,18.8272,18.8272,19.0713,18.7661,7905084.0,06823
2026-04-14,18.9797,18.7509,18.9797,18.7356,5412595.0,06823
2026-04-15,18.8577,18.8272,18.8729,18.7814,5939343.0,06823
2026-04-16,18.8119,19.0713,19.1476,18.7661,16161735.0,06823
2026-04-17,19.0255,19.0103,19.1171,18.9187,10716914.0,06823
2026-04-20,18.9645,19.0713,19.1018,18.9645,5830521.0,06823
2026-04-21,19.0713,19.2544,19.3001,19.0713,7462623.0,06823
2026-04-22,19.2391,19.3307,19.3459,19.2239,4637202.0,06823
2026-04-23,19.2391,19.2696,19.3459,19.2239,6290140.0,06823
2026-04-24,19.2696,19.4527,19.4527,19.2696,5710555.0,06823
2026-04-27,19.4527,19.2544,19.468,19.0865,12156325.0,06823
2026-04-28,19.2544,19.2391,19.3459,19.2239,3810146.0,06823
2026-04-29,19.2239,19.4069,19.4069,19.2239,9106066.0,06823
2026-04-30,19.3764,19.3612,19.3917,19.2544,5981283.0,06823
2026-05-04,19.4527,19.1628,19.468,19.0713,14799080.0,06823
2026-05-05,19.2239,19.1628,19.2239,18.9797,5457440.0,06823
2026-05-06,19.1628,19.2239,19.2391,19.0408,5715738.0,06823
2026-05-07,19.1171,19.1476,19.2696,19.1018,9793377.0,06823
2026-05-08,19.2086,19.2391,19.3459,19.0713,12119929.0,06823
2026-05-11,19.2239,19.3307,19.3307,19.1628,8270794.0,06823
2026-05-12,19.2239,19.2391,19.3459,19.2086,5255769.0,06823
2026-05-13,19.3764,19.3001,19.3764,19.2239,5369326.0,06823
2026-05-14,19.3001,19.3154,19.3612,19.2696,6655882.0,06823
2026-05-15,19.3154,19.3612,19.4527,19.2696,5803650.0,06823
2026-05-18,19.3612,19.2086,19.3764,19.1018,8494268.0,06823
2026-05-19,19.2239,19.2239,19.3459,19.1781,5331789.0,06823
2026-05-20,19.2544,19.3917,19.4069,19.2544,6400297.0,06823
2026-05-21,19.3917,19.1476,19.4374,19.0713,14720736.0,06823
2026-05-22,19.1781,19.2086,19.2239,19.0865,10137835.0,06823
2026-05-26,19.3509,18.8592,19.4778,18.7957,23091498.0,06823
2026-05-27,18.875,18.9702,18.9702,18.7164,10376001.0,06823
2026-05-28,18.9543,18.9068,18.9543,18.6054,13906796.0,06823
2026-05-29,18.9068,19.1923,19.224,18.8116,54996575.0,06823
2026-06-01,19.113,19.4143,19.5095,19.113,7813715.0,06823
2026-06-02,19.4302,19.2716,19.6047,19.2398,5257630.0,06823
2026-06-03,19.2716,19.2874,19.5412,19.1923,9332220.0,06823
2026-06-04,19.2081,19.1605,19.3985,19.0971,4361712.0,06823
2026-06-05,19.1764,18.9861,19.2081,18.875,8639138.0,06823
2026-06-08,18.7957,18.9226,18.9543,18.7164,7668659.0,06823
2026-06-09,18.9543,18.7481,18.9702,18.6847,9995286.0,06823
2026-06-10,18.7481,18.8116,18.875,18.6054,9399315.0,06823
2026-06-11,18.875,18.875,18.9861,18.7323,8393204.0,06823
2026-06-12,18.875,19.1605,19.1605,18.875,6061566.0,06823
2026-06-15,19.1923,19.0654,19.4302,18.9226,7056110.0,06823
2026-06-16,19.113,19.0654,19.113,18.7006,7531332.0,06823
2026-06-17,19.0336,18.9861,19.0812,18.7799,4890680.0,06823
2026-06-18,18.875,19.0019,19.0336,18.7957,12265716.0,06823
2026-06-22,18.9068,18.6054,19.0019,18.4151,9646307.0,06823
2026-06-23,18.6054,18.3992,18.7323,18.2564,11008380.0,06823
2026-06-24,18.5261,18.7164,18.7164,18.2564,6101940.0,06823
2026-06-25,18.7164,18.5578,18.7164,18.5261,6509479.0,06823
2026-06-26,18.4785,18.5578,18.6212,18.4151,7019145.0,06823
2026-06-29,18.5578,18.7323,18.7957,18.4151,6379745.0,06823
2026-06-30,18.7323,18.4944,18.8909,18.4944,7960111.0,06823
2026-07-02,18.4944,18.5419,18.7164,18.4944,8397141.0,06823
2026-07-03,18.5419,18.8909,18.8909,18.5419,4631054.0,06823
2026-07-06,18.8909,18.8274,18.9543,18.7323,4550163.0,06823
2026-07-07,18.7481,18.7799,18.8433,18.5578,5075867.0,06823
2026-07-08,18.7799,18.9385,18.9385,18.7164,5078028.0,06823
2026-07-09,18.9385,18.9543,19.0178,18.8116,5996340.0,06823
2026-07-10,18.9543,18.9543,19.0812,18.7481,4284669.0,06823
2026-07-13,18.9385,19.1605,19.1605,18.9226,7875324.0,06823
2026-07-14,19.0812,19.113,19.224,18.9702,6036160.0,06823
2026-07-15,19.113,19.1923,19.3033,19.0971,3197306.0,06823
2026-07-16,19.2874,19.335,19.3667,19.1923,7869765.0,06823
2026-07-17,19.335,19.4778,19.5412,19.3192,8669645.0,06823
2026-07-20,19.4778,19.5095,19.5412,19.3826,5106354.0,06823
2026-07-21,19.5412,19.7791,19.795,19.4143,7839009.0,06823
2026-07-22,19.7315,20.1598,20.2867,19.6364,32168147.0,06823
2026-07-23,20.1122,20.255,20.2708,19.8584,16681524.0,06823
2026-07-24,20.255,20.3977,20.4453,20.0488,14363496.0,06823
2026-07-27,20.3977,20.3819,20.4294,20.2074,9481439.0,06823
2026-07-28,20.2708,20.3819,20.4453,20.2232,10244571.0,06823
2026-07-29,20.3819,20.3977,20.5405,20.2867,14488530.0,06823
2026-07-30,20.4136,21.4129,21.4129,20.4136,30356564.0,06823
2026-07-31,20.937,21.048,21.0956,20.6674,18598971.0,06823
2026-08-03,21.048,21.3494,21.3494,20.7308,10015187.0,06823
2026-08-04,21.2542,21.1908,21.5397,21.0956,12316032.0,06823
2026-08-05,21.1115,21.1591,21.2542,20.8577,10338515.0,06823
2026-08-06,21.1591,21.048,21.2067,20.8577,10675482.0,06823
2026-08-07,21.048,20.7784,21.1908,20.6991,9474733.0,06823
2026-08-10,20.7784,20.5246,20.7784,20.3343,12667645.0,06823
2026-08-11,20.6039,20.5722,20.6039,20.1915,9931326.0,06823
2026-08-12,20.6515,20.4294,20.715,20.4294,14195907.0,06823
2026-08-13,20.4425,20.2632,20.5403,20.1001,7491038.0,06823
2026-08-14,20.2632,20.1164,20.4099,20.1001,6532436.0,06823
2026-08-17,20.2469,20.1817,20.361,20.1491,5011804.0,06823
2026-08-18,20.2958,19.986,20.2958,19.9697,4591611.0,06823
2026-08-19,20.2469,20.198,20.2958,20.0675,6366887.0,06823
2026-08-20,20.2143,20.2469,20.5077,20.198,7411850.0,06823
2026-08-21,20.2958,20.198,20.361,20.0675,8609775.0,06823
2026-08-24,20.2958,19.9045,20.2958,19.8882,7489737.0,06823
2026-08-25,19.9371,19.8882,20.0838,19.8556,9693692.0,06823
2026-08-26,19.7578,19.9697,19.986,19.7578,5812873.0,06823
2026-08-27,19.9697,19.8393,19.986,19.8393,5466179.0,06823
2026-08-28,19.986,20.0512,20.2469,19.8393,7760333.0,06823
2026-08-31,20.0512,19.9045,20.1001,19.7904,11334769.0,06823
2026-09-01,19.9045,19.823,19.9045,19.7089,6619699.0,06823
2026-09-02,19.7578,19.9371,19.9534,19.6926,8040224.0,06823
2026-09-03,19.8882,19.8067,19.9371,19.7578,5131989.0,06823
2026-09-04,19.9208,20.0838,20.1328,19.8556,6631684.0,06823
