300274
300763
605117
002812
300757
01797
002407
603063
002920
300293
600884
300769
300703
300476
603444
300750
301308
002466
920982
01810
01347
300450
002916
603019
09868
002460
688111
601138
002371
601012
002851
002594
002129
300316
603799
601899
600699
002241
688599
600118
600259
002467
300315
300034
000858
300275
09880
002167
300418
300058
300059
09660
000938
000100
03690
600885
300590
600588
000063
603606
002063
300618
002555
300033
600519
601288
688155
02367
000977
002049
00388
600031
601939
300676
600030
601888
603236
688001
002230
600775
601398
603259
603986
00512
600570
601318
002245
300170
600536
688981
00700
600900
601360
002304
600703
09988
06160
06682
688256
002142
300383
600547
600036
601169
300279
000651
02533
01952
002624
000725
600000
002428
601328
600600
002179
02015
600016
601166
600104
688008
000034
600009
002362
001279
300273
601818
02158
000001
00992
000002
600015
300297
